ALRS,1,20161213,100100,95.1300000,95.4000000,94.8800000,95.3600000,113200
ALRS,1,20161213,100200,95.3600000,96.0000000,95.2900000,95.7300000,407600
ALRS,1,20161213,100300,95.7400000,95.8000000,95.6800000,95.7500000,73000
ALRS,1,20161213,100400,95.7500000,95.7700000,95.6100000,95.7000000,34900
ALRS,1,20161213,100500,95.7000000,95.7000000,95.6600000,95.6900000,11900
ALRS,1,20161213,100600,95.6600000,95.6900000,95.6100000,95.6100000,22900
ALRS,1,20161213,100700,95.6100000,95.6900000,95.6100000,95.6700000,27100
ALRS,1,20161213,100800,95.6900000,95.7000000,95.6400000,95.6400000,29500
ALRS,1,20161213,100900,95.6500000,95.7900000,95.6300000,95.7900000,106400
ALRS,1,20161213,101000,95.7900000,95.9000000,95.7500000,95.9000000,161900
ALRS,1,20161213,101100,95.8700000,96.2300000,95.8700000,96.1700000,297900
ALRS,1,20161213,101200,96.1600000,96.1800000,95.7800000,96.0700000,299000
ALRS,1,20161213,101300,96.0000000,96.1000000,95.8300000,95.9400000,119000
ALRS,1,20161213,101400,95.9400000,96.1300000,95.9400000,96.1300000,122200
ALRS,1,20161213,101500,96.1600000,96.1800000,96.1200000,96.1800000,56400
ALRS,1,20161213,101600,96.1800000,96.1900000,96.1500000,96.1900000,50100
ALRS,1,20161213,101700,96.1900000,96.1900000,96.0800000,96.0800000,55700
ALRS,1,20161213,101800,96.1000000,96.1200000,96.0700000,96.0900000,18100
ALRS,1,20161213,101900,96.1000000,96.1500000,96.1000000,96.1300000,45400
ALRS,1,20161213,102000,96.1400000,96.1900000,96.1000000,96.1900000,227600
ALRS,1,20161213,102100,96.1900000,96.6800000,96.1800000,96.6500000,468100
ALRS,1,20161213,102200,96.6000000,96.7900000,96.6000000,96.7800000,95300
ALRS,1,20161213,102300,96.7500000,96.8700000,96.7000000,96.8400000,189000
ALRS,1,20161213,102400,96.8100000,96.9600000,96.7600000,96.9600000,215900
ALRS,1,20161213,102500,96.9600000,96.9900000,96.8100000,96.8100000,179000
ALRS,1,20161213,102600,96.8200000,96.9100000,96.6100000,96.8800000,199300
ALRS,1,20161213,102700,96.9000000,97.4000000,96.8800000,97.3800000,614300
ALRS,1,20161213,102800,97.3800000,97.4500000,97.1400000,97.2600000,188800
ALRS,1,20161213,102900,97.3500000,97.3900000,97.3000000,97.3500000,47600
ALRS,1,20161213,103000,97.3500000,97.6700000,97.3000000,97.6100000,498100
ALRS,1,20161213,103100,97.6700000,97.7000000,97.6100000,97.6700000,83200
ALRS,1,20161213,103200,97.6700000,97.6900000,97.6500000,97.6900000,33600
ALRS,1,20161213,103300,97.6900000,97.6900000,97.3900000,97.5700000,158900
ALRS,1,20161213,103400,97.5000000,97.5700000,97.4700000,97.4900000,66300
ALRS,1,20161213,103500,97.4900000,97.5200000,96.8500000,96.9900000,341000
ALRS,1,20161213,103600,97.0100000,97.3600000,96.9500000,97.1000000,275900
ALRS,1,20161213,103700,97.1000000,97.3000000,96.9500000,97.1300000,154700
ALRS,1,20161213,103800,97.0300000,97.2100000,96.9400000,97.1900000,90200
ALRS,1,20161213,103900,97.1800000,97.3200000,97.0300000,97.2300000,247100
ALRS,1,20161213,104000,97.1500000,97.1700000,96.8600000,96.9300000,103700
ALRS,1,20161213,104100,96.8700000,97.0500000,96.8700000,97.0000000,147800
ALRS,1,20161213,104200,97.0000000,97.0100000,96.9200000,97.0100000,45100
ALRS,1,20161213,104300,97.0100000,97.0200000,96.9300000,96.9300000,50000
ALRS,1,20161213,104400,96.9700000,96.9700000,96.9300000,96.9300000,9000
ALRS,1,20161213,104500,96.9300000,96.9500000,96.9300000,96.9500000,8200
ALRS,1,20161213,104600,96.9500000,97.2300000,96.8600000,96.9800000,602000
ALRS,1,20161213,104700,96.9900000,97.0700000,96.7100000,96.9000000,147100
ALRS,1,20161213,104800,96.9300000,96.9400000,96.7900000,96.8800000,58000
ALRS,1,20161213,104900,96.8700000,97.0200000,96.8700000,96.9200000,117000
ALRS,1,20161213,105000,96.9500000,97.0500000,96.9000000,96.9100000,52200
ALRS,1,20161213,105100,96.9200000,96.9800000,96.9200000,96.9400000,7300
ALRS,1,20161213,105200,96.9700000,96.9900000,96.9100000,96.9100000,29200
ALRS,1,20161213,105300,96.9200000,96.9500000,96.8000000,96.8000000,29600
ALRS,1,20161213,105400,96.8000000,96.8300000,96.8000000,96.8100000,5600
ALRS,1,20161213,105500,96.8300000,96.9400000,96.8300000,96.9200000,43200
ALRS,1,20161213,105600,96.9200000,96.9300000,96.9200000,96.9300000,11200
ALRS,1,20161213,105700,96.9300000,96.9800000,96.9300000,96.9700000,32400
ALRS,1,20161213,105800,96.9500000,96.9700000,96.9300000,96.9700000,17100
ALRS,1,20161213,105900,96.9700000,97.0500000,96.8800000,96.9200000,158900
ALRS,1,20161213,110000,96.9500000,96.9500000,96.8000000,96.8000000,24100
ALRS,1,20161213,110100,96.8000000,96.8200000,96.6200000,96.6300000,99300
ALRS,1,20161213,110200,96.6500000,96.8400000,96.6400000,96.7300000,71300
ALRS,1,20161213,110300,96.8100000,96.8100000,96.5100000,96.5900000,79200
ALRS,1,20161213,110400,96.5700000,96.6700000,96.4100000,96.5600000,139700
ALRS,1,20161213,110500,96.5600000,96.5600000,96.0800000,96.2000000,195500
ALRS,1,20161213,110600,96.2000000,96.3600000,96.1400000,96.3000000,125300
ALRS,1,20161213,110700,96.3000000,96.5200000,96.3000000,96.4800000,76800
ALRS,1,20161213,110800,96.5000000,96.7300000,96.3800000,96.6500000,86600
ALRS,1,20161213,110900,96.6000000,96.7000000,96.5000000,96.6000000,59300
ALRS,1,20161213,111000,96.5500000,96.7300000,96.5000000,96.5600000,57900
ALRS,1,20161213,111100,96.5900000,96.6100000,96.5500000,96.5500000,4800
ALRS,1,20161213,111200,96.6100000,96.6100000,96.5500000,96.5500000,15200
ALRS,1,20161213,111300,96.6000000,96.6000000,96.5400000,96.5400000,16900
ALRS,1,20161213,111400,96.5600000,96.5800000,96.5400000,96.5400000,10000
ALRS,1,20161213,111500,96.5400000,96.5700000,96.5400000,96.5700000,11600
ALRS,1,20161213,111600,96.5700000,96.5900000,96.5500000,96.5800000,15800
ALRS,1,20161213,111700,96.5800000,96.7200000,96.5800000,96.7200000,33900
ALRS,1,20161213,111800,96.7000000,96.7200000,96.5800000,96.5800000,24300
ALRS,1,20161213,111900,96.5800000,96.7800000,96.5800000,96.7800000,22700
ALRS,1,20161213,112000,96.8000000,96.8700000,96.7000000,96.7200000,38900
ALRS,1,20161213,112100,96.6900000,96.8300000,96.6800000,96.7400000,35900
ALRS,1,20161213,112200,96.7400000,96.7500000,96.6800000,96.6900000,15000
ALRS,1,20161213,112300,96.6900000,96.6900000,96.5500000,96.5500000,46100
ALRS,1,20161213,112400,96.5200000,96.5900000,96.4500000,96.4500000,16500
ALRS,1,20161213,112500,96.4500000,96.5500000,96.4500000,96.5500000,14200
ALRS,1,20161213,112600,96.5200000,96.5900000,96.5200000,96.5900000,40900
ALRS,1,20161213,112700,96.5900000,96.7000000,96.5500000,96.6900000,56900
ALRS,1,20161213,112800,96.7000000,96.9700000,96.6400000,96.7600000,79700
ALRS,1,20161213,112900,96.7800000,96.8400000,96.6700000,96.8300000,10100
ALRS,1,20161213,113000,96.8300000,96.9500000,96.6400000,96.6500000,50200
ALRS,1,20161213,113100,96.6700000,96.9200000,96.6700000,96.9200000,94600
ALRS,1,20161213,113200,96.9200000,97.0100000,96.8900000,96.9600000,75300
ALRS,1,20161213,113300,96.9000000,96.9600000,96.8300000,96.9500000,36800
ALRS,1,20161213,113400,96.9100000,97.0000000,96.8000000,96.9200000,66000
ALRS,1,20161213,113500,96.9300000,96.9900000,96.9000000,96.9500000,11300
ALRS,1,20161213,113600,96.9500000,96.9800000,96.9300000,96.9700000,16800
ALRS,1,20161213,113700,96.9700000,96.9900000,96.9200000,96.9700000,33100
ALRS,1,20161213,113800,96.9300000,96.9700000,96.8500000,96.8900000,78500
ALRS,1,20161213,113900,96.8700000,96.9000000,96.8700000,96.8900000,16600
ALRS,1,20161213,114000,96.8900000,96.9000000,96.8200000,96.8600000,30000
ALRS,1,20161213,114100,96.8500000,96.9000000,96.8500000,96.9000000,27600
ALRS,1,20161213,114200,96.9000000,96.9100000,96.8800000,96.9000000,35000
ALRS,1,20161213,114300,96.8800000,96.9200000,96.7100000,96.9200000,74300
ALRS,1,20161213,114400,96.9200000,96.9300000,96.8000000,96.8900000,22900
ALRS,1,20161213,114500,96.9000000,96.9600000,96.8700000,96.9200000,29400
ALRS,1,20161213,114600,96.9500000,96.9500000,96.8200000,96.9000000,30200
ALRS,1,20161213,114700,96.9000000,96.9700000,96.9000000,96.9100000,47300
ALRS,1,20161213,114800,96.9300000,96.9600000,96.9100000,96.9300000,20400
ALRS,1,20161213,114900,96.9500000,96.9600000,96.8700000,96.8700000,29100
ALRS,1,20161213,115000,96.8400000,96.9400000,96.8300000,96.9400000,29900
ALRS,1,20161213,115100,96.9300000,96.9400000,96.7500000,96.8100000,52400
ALRS,1,20161213,115200,96.8100000,96.8300000,96.7900000,96.8100000,12900
ALRS,1,20161213,115300,96.8200000,96.8900000,96.7300000,96.7400000,46900
ALRS,1,20161213,115400,96.7200000,96.8500000,96.7200000,96.8500000,28100
ALRS,1,20161213,115500,96.8600000,96.8900000,96.8600000,96.8900000,26100
ALRS,1,20161213,115600,96.8900000,96.9600000,96.7800000,96.9500000,88900
ALRS,1,20161213,115700,96.9500000,96.9600000,96.8400000,96.8900000,47400
ALRS,1,20161213,115800,96.8700000,96.9600000,96.8700000,96.8700000,59800
ALRS,1,20161213,115900,96.8700000,96.8900000,96.7600000,96.8600000,63000
ALRS,1,20161213,120000,96.8300000,96.8900000,96.8000000,96.8900000,32000
ALRS,1,20161213,120100,96.8500000,96.8900000,96.7600000,96.7900000,56100
ALRS,1,20161213,120200,96.7700000,96.8200000,96.7000000,96.7200000,51100
ALRS,1,20161213,120300,96.7100000,96.7500000,96.6600000,96.6700000,62600
ALRS,1,20161213,120400,96.7300000,96.7600000,96.7000000,96.7600000,9300
ALRS,1,20161213,120500,96.7700000,96.8600000,96.7500000,96.7800000,43900
ALRS,1,20161213,120600,96.8200000,96.9000000,96.7700000,96.9000000,27900
ALRS,1,20161213,120700,96.8800000,96.9200000,96.8800000,96.9200000,24000
ALRS,1,20161213,120800,96.9100000,96.9300000,96.8600000,96.9200000,25800
ALRS,1,20161213,120900,96.8900000,96.9300000,96.8600000,96.8900000,33300
ALRS,1,20161213,121000,96.8700000,96.9000000,96.8700000,96.9000000,12700
ALRS,1,20161213,121100,96.9000000,96.9000000,96.8600000,96.8600000,22100
ALRS,1,20161213,121200,96.8500000,96.9000000,96.8500000,96.9000000,16100
ALRS,1,20161213,121300,96.9000000,96.9600000,96.8900000,96.9600000,60900
ALRS,1,20161213,121400,96.9600000,96.9900000,96.9200000,96.9800000,62500
ALRS,1,20161213,121500,96.9500000,96.9900000,96.9300000,96.9700000,26100
ALRS,1,20161213,121600,96.9600000,96.9800000,96.8800000,96.9400000,45100
ALRS,1,20161213,121700,96.9400000,96.9800000,96.9300000,96.9800000,19300
ALRS,1,20161213,121800,96.9800000,97.0000000,96.9600000,96.9700000,36000
ALRS,1,20161213,121900,96.9500000,97.0500000,96.9200000,96.9900000,181100
ALRS,1,20161213,122000,97.0400000,97.0800000,96.9000000,97.0600000,133100
ALRS,1,20161213,122100,97.0200000,97.0500000,96.8100000,96.9600000,94700
ALRS,1,20161213,122200,96.9600000,97.0800000,96.8900000,96.9900000,160700
ALRS,1,20161213,122300,97.0100000,97.1100000,96.9600000,97.0900000,100300
ALRS,1,20161213,122400,97.0900000,97.2900000,97.0400000,97.2300000,273800
ALRS,1,20161213,122500,97.2700000,97.3900000,97.2000000,97.3100000,88200
ALRS,1,20161213,122600,97.3200000,97.4500000,97.1700000,97.4500000,163900
ALRS,1,20161213,122700,97.4700000,97.4900000,97.3000000,97.4600000,217400
ALRS,1,20161213,122800,97.4600000,97.4700000,97.4300000,97.4600000,35000
ALRS,1,20161213,122900,97.4600000,97.4900000,97.2900000,97.4100000,160300
ALRS,1,20161213,123000,97.4100000,97.4800000,97.3600000,97.4500000,71200
ALRS,1,20161213,123100,97.4500000,97.4900000,97.4200000,97.4700000,51100
ALRS,1,20161213,123200,97.4700000,97.4900000,97.3800000,97.3900000,32000
ALRS,1,20161213,123300,97.3900000,97.4200000,97.3600000,97.4200000,26300
ALRS,1,20161213,123400,97.4100000,97.4600000,97.4100000,97.4300000,27000
ALRS,1,20161213,123500,97.4500000,97.4700000,97.4400000,97.4500000,16100
ALRS,1,20161213,123600,97.4700000,97.4800000,97.1900000,97.3400000,81900
ALRS,1,20161213,123700,97.3400000,97.4100000,97.1700000,97.2800000,283800
ALRS,1,20161213,123800,97.2700000,97.3600000,97.1500000,97.2500000,143500
ALRS,1,20161213,123900,97.2700000,97.3600000,97.2300000,97.2500000,36500
ALRS,1,20161213,124000,97.2500000,97.3000000,97.1100000,97.2500000,180900
ALRS,1,20161213,124100,97.2600000,97.2900000,97.0600000,97.2500000,171200
ALRS,1,20161213,124200,97.3000000,97.3000000,97.1600000,97.1700000,32000
ALRS,1,20161213,124300,97.1900000,97.2400000,97.1900000,97.2400000,19700
ALRS,1,20161213,124400,97.2000000,97.2500000,97.2000000,97.2200000,16500
ALRS,1,20161213,124500,97.2300000,97.3000000,97.2200000,97.2500000,42700
ALRS,1,20161213,124600,97.2600000,97.3000000,97.2500000,97.3000000,30800
ALRS,1,20161213,124700,97.3000000,97.3000000,97.1100000,97.1500000,105700
ALRS,1,20161213,124800,97.1700000,97.2600000,97.1600000,97.2600000,54300
ALRS,1,20161213,124900,97.2700000,97.2900000,97.2500000,97.2600000,18400
ALRS,1,20161213,125000,97.3000000,97.4000000,97.2800000,97.4000000,71300
ALRS,1,20161213,125100,97.4000000,97.4300000,97.2900000,97.4100000,52000
ALRS,1,20161213,125200,97.4200000,97.4600000,97.3000000,97.3500000,85500
ALRS,1,20161213,125300,97.3500000,97.4300000,97.3500000,97.3800000,39300
ALRS,1,20161213,125400,97.3800000,97.4400000,97.3800000,97.4400000,20600
ALRS,1,20161213,125500,97.4400000,97.4500000,97.2700000,97.3700000,42100
ALRS,1,20161213,125600,97.3700000,97.4500000,97.3700000,97.4200000,38200
ALRS,1,20161213,125700,97.4400000,97.4800000,97.4200000,97.4500000,15300
ALRS,1,20161213,125800,97.4800000,97.4900000,97.4200000,97.4200000,30300
ALRS,1,20161213,125900,97.3900000,97.4900000,97.3800000,97.4900000,39900
ALRS,1,20161213,130000,97.4800000,97.4900000,97.4200000,97.4800000,26700
ALRS,1,20161213,130100,97.4900000,97.4900000,97.4600000,97.4800000,141800
ALRS,1,20161213,130200,97.4700000,97.4900000,97.3500000,97.3900000,52000
ALRS,1,20161213,130300,97.4100000,97.4700000,97.4100000,97.4700000,9600
ALRS,1,20161213,130400,97.4700000,97.4800000,97.4600000,97.4600000,46200
ALRS,1,20161213,130500,97.4700000,97.4800000,97.3700000,97.3800000,44000
ALRS,1,20161213,130600,97.4300000,97.4500000,97.4100000,97.4500000,6200
ALRS,1,20161213,130700,97.4200000,97.4600000,97.4100000,97.4100000,29000
ALRS,1,20161213,130800,97.4400000,97.4400000,97.4100000,97.4300000,14800
ALRS,1,20161213,130900,97.4300000,97.4500000,97.4300000,97.4400000,6600
ALRS,1,20161213,131000,97.4400000,97.4400000,97.3900000,97.4000000,40300
ALRS,1,20161213,131100,97.4000000,97.4100000,97.3900000,97.3900000,27700
ALRS,1,20161213,131200,97.3900000,97.4000000,97.3700000,97.3700000,28700
ALRS,1,20161213,131300,97.3700000,97.4000000,97.3700000,97.3900000,13200
ALRS,1,20161213,131400,97.3900000,97.4000000,97.3800000,97.3800000,65300
ALRS,1,20161213,131500,97.3900000,97.4700000,97.3700000,97.4700000,85900
ALRS,1,20161213,131600,97.4400000,97.4900000,97.4400000,97.4800000,42000
ALRS,1,20161213,131700,97.4800000,97.4900000,97.4700000,97.4700000,41200
ALRS,1,20161213,131800,97.4900000,97.4900000,97.4700000,97.4700000,13800
ALRS,1,20161213,131900,97.4900000,97.4900000,97.4500000,97.4500000,26700
ALRS,1,20161213,132000,97.4600000,97.4900000,97.4500000,97.4900000,43200
ALRS,1,20161213,132100,97.4900000,97.5000000,97.4000000,97.4000000,230200
ALRS,1,20161213,132200,97.4000000,97.4900000,97.2900000,97.4300000,150900
ALRS,1,20161213,132300,97.4300000,97.5000000,97.3500000,97.3500000,84300
ALRS,1,20161213,132400,97.3400000,97.6400000,97.3300000,97.6400000,149000
ALRS,1,20161213,132500,97.6400000,97.6400000,97.5200000,97.5700000,38900
ALRS,1,20161213,132600,97.5900000,97.6100000,97.5700000,97.6100000,9000
ALRS,1,20161213,132700,97.6000000,97.6400000,97.4600000,97.5700000,76800
ALRS,1,20161213,132800,97.5600000,97.6300000,97.5500000,97.5800000,59100
ALRS,1,20161213,132900,97.6100000,97.6300000,97.4700000,97.6100000,80300
ALRS,1,20161213,133000,97.6100000,97.6400000,97.5700000,97.6300000,56200
ALRS,1,20161213,133100,97.6200000,97.6500000,97.5600000,97.6500000,54400
ALRS,1,20161213,133200,97.6500000,97.7200000,97.5600000,97.6300000,285500
ALRS,1,20161213,133300,97.6700000,97.7700000,97.6400000,97.7700000,131500
ALRS,1,20161213,133400,97.7900000,97.8100000,97.7300000,97.7900000,63200
ALRS,1,20161213,133500,97.8000000,97.8200000,97.5600000,97.8000000,179000
ALRS,1,20161213,133600,97.8000000,97.8300000,97.7700000,97.8300000,16700
ALRS,1,20161213,133700,97.8100000,97.8500000,97.7600000,97.7900000,62100
ALRS,1,20161213,133800,97.8000000,97.8700000,97.7800000,97.8500000,33800
ALRS,1,20161213,133900,97.8500000,97.8800000,97.8100000,97.8100000,310600
ALRS,1,20161213,134000,97.8400000,97.8500000,97.7600000,97.8300000,89900
ALRS,1,20161213,134100,97.8400000,97.8500000,97.7800000,97.8200000,30100
ALRS,1,20161213,134200,97.8200000,97.8500000,97.8100000,97.8500000,11800
ALRS,1,20161213,134300,97.8200000,97.8700000,97.8200000,97.8500000,27000
ALRS,1,20161213,134400,97.8500000,97.8500000,97.7700000,97.8000000,67200
ALRS,1,20161213,134500,97.8000000,97.8100000,97.7600000,97.7600000,29600
ALRS,1,20161213,134600,97.7100000,97.8100000,97.7000000,97.8100000,38200
ALRS,1,20161213,134700,97.7900000,97.8100000,97.7200000,97.7600000,18700
ALRS,1,20161213,134800,97.7600000,97.7800000,97.7200000,97.7200000,19400
ALRS,1,20161213,134900,97.7100000,97.7600000,97.6800000,97.7200000,35700
ALRS,1,20161213,135000,97.7500000,97.7500000,97.7200000,97.7400000,12100
ALRS,1,20161213,135100,97.7400000,97.7400000,97.7200000,97.7200000,11800
ALRS,1,20161213,135200,97.7400000,97.7900000,97.7300000,97.7300000,41800
ALRS,1,20161213,135300,97.7600000,97.8000000,97.7300000,97.8000000,14600
ALRS,1,20161213,135400,97.8000000,97.8100000,97.7800000,97.7900000,12200
ALRS,1,20161213,135500,97.8100000,97.8200000,97.7900000,97.8000000,25900
ALRS,1,20161213,135600,97.7700000,97.8400000,97.7700000,97.8200000,27100
ALRS,1,20161213,135700,97.8400000,97.8700000,97.8300000,97.8500000,33700
ALRS,1,20161213,135800,97.8500000,97.8500000,97.8200000,97.8200000,36300
ALRS,1,20161213,135900,97.8200000,97.8500000,97.8200000,97.8500000,16300
ALRS,1,20161213,140000,97.8500000,97.8500000,97.8400000,97.8400000,12900
ALRS,1,20161213,140100,97.8500000,97.8500000,97.8400000,97.8500000,12900
ALRS,1,20161213,140200,97.8500000,97.8500000,97.8400000,97.8500000,14400
ALRS,1,20161213,140300,97.8500000,97.8500000,97.8400000,97.8400000,14600
ALRS,1,20161213,140400,97.8500000,97.8500000,97.8400000,97.8500000,14400
ALRS,1,20161213,140500,97.8500000,97.8500000,97.7900000,97.8000000,34200
ALRS,1,20161213,140600,97.7900000,97.8500000,97.7800000,97.8500000,111200
ALRS,1,20161213,140700,97.8500000,97.8500000,97.8100000,97.8200000,77300
ALRS,1,20161213,140800,97.8100000,97.8500000,97.7900000,97.8500000,21900
ALRS,1,20161213,140900,97.8400000,97.8500000,97.8000000,97.8200000,33300
ALRS,1,20161213,141000,97.8200000,97.8500000,97.8200000,97.8200000,56600
ALRS,1,20161213,141100,97.8400000,97.8500000,97.7900000,97.7900000,44500
ALRS,1,20161213,141200,97.7900000,97.7900000,97.7000000,97.7600000,37100
ALRS,1,20161213,141300,97.7500000,97.8000000,97.7500000,97.8000000,42400
ALRS,1,20161213,141400,97.7900000,97.8400000,97.7900000,97.8300000,20200
ALRS,1,20161213,141500,97.8400000,97.8500000,97.8200000,97.8400000,16700
ALRS,1,20161213,141600,97.8500000,97.8500000,97.8000000,97.8500000,27900
ALRS,1,20161213,141700,97.8500000,97.8500000,97.8300000,97.8500000,8700
ALRS,1,20161213,141800,97.8200000,97.8500000,97.8200000,97.8400000,19200
ALRS,1,20161213,141900,97.8300000,97.8500000,97.8000000,97.8400000,44600
ALRS,1,20161213,142000,97.8500000,97.8500000,97.8100000,97.8400000,12100
ALRS,1,20161213,142100,97.8500000,97.8500000,97.8000000,97.8000000,38200
ALRS,1,20161213,142200,97.8200000,97.8500000,97.8000000,97.8500000,38600
ALRS,1,20161213,142300,97.8500000,97.8500000,97.8300000,97.8500000,62500
ALRS,1,20161213,142400,97.8500000,97.8500000,97.8100000,97.8300000,53600
ALRS,1,20161213,142500,97.8500000,97.8700000,97.7900000,97.8400000,101900
ALRS,1,20161213,142600,97.8400000,97.8600000,97.7800000,97.7900000,57700
ALRS,1,20161213,142700,97.8200000,97.8600000,97.7500000,97.7600000,127900
ALRS,1,20161213,142800,97.7700000,97.8300000,97.7700000,97.8300000,19900
ALRS,1,20161213,142900,97.8300000,97.8500000,97.8200000,97.8200000,23800
ALRS,1,20161213,143000,97.8200000,97.8500000,97.8200000,97.8500000,9100
ALRS,1,20161213,143100,97.8500000,97.8600000,97.8300000,97.8500000,38800
ALRS,1,20161213,143200,97.8500000,97.8500000,97.8000000,97.8100000,52700
ALRS,1,20161213,143300,97.8100000,97.8500000,97.8100000,97.8200000,6800
ALRS,1,20161213,143400,97.8500000,97.8600000,97.8300000,97.8500000,47700
ALRS,1,20161213,143500,97.8500000,97.8500000,97.8100000,97.8400000,37100
ALRS,1,20161213,143600,97.8400000,97.8400000,97.8100000,97.8300000,19000
ALRS,1,20161213,143700,97.8400000,97.8500000,97.8200000,97.8500000,45900
ALRS,1,20161213,143800,97.8500000,97.8500000,97.8200000,97.8400000,10400
ALRS,1,20161213,143900,97.8300000,97.8300000,97.7800000,97.8000000,54600
ALRS,1,20161213,144000,97.8000000,97.8100000,97.7600000,97.8100000,59200
ALRS,1,20161213,144100,97.8100000,97.8100000,97.7600000,97.7600000,36300
ALRS,1,20161213,144200,97.7600000,97.8000000,97.7600000,97.8000000,27000
ALRS,1,20161213,144300,97.8000000,97.8200000,97.7800000,97.8000000,76400
ALRS,1,20161213,144400,97.8000000,97.8000000,97.7100000,97.7800000,62000
ALRS,1,20161213,144500,97.7700000,97.7800000,97.7100000,97.7300000,64400
ALRS,1,20161213,144600,97.7100000,97.7300000,97.7100000,97.7300000,6900
ALRS,1,20161213,144700,97.7100000,97.7300000,97.6300000,97.6300000,51900
ALRS,1,20161213,144800,97.6400000,97.6600000,97.6400000,97.6400000,7700
ALRS,1,20161213,144900,97.6600000,97.7400000,97.6600000,97.7300000,51900
ALRS,1,20161213,145000,97.7300000,97.7500000,97.7300000,97.7400000,11200
ALRS,1,20161213,145100,97.7400000,97.7900000,97.7400000,97.7900000,22700
ALRS,1,20161213,145200,97.7900000,97.8000000,97.7700000,97.7900000,53700
ALRS,1,20161213,145300,97.8000000,97.8000000,97.7100000,97.7900000,101600
ALRS,1,20161213,145400,97.7900000,97.8000000,97.7500000,97.7900000,49500
ALRS,1,20161213,145500,97.7900000,97.8200000,97.7900000,97.8000000,33600
ALRS,1,20161213,145600,97.8000000,97.8100000,97.7800000,97.8000000,74800
ALRS,1,20161213,145700,97.7900000,97.7900000,97.7600000,97.7600000,44800
ALRS,1,20161213,145800,97.7700000,97.7900000,97.7700000,97.7700000,15200
ALRS,1,20161213,145900,97.7800000,97.7900000,97.7700000,97.7900000,11000
ALRS,1,20161213,150000,97.7700000,97.8000000,97.7700000,97.8000000,31300
ALRS,1,20161213,150100,97.8000000,97.8000000,97.7500000,97.7500000,48700
ALRS,1,20161213,150200,97.7600000,97.7800000,97.6700000,97.6800000,58000
ALRS,1,20161213,150300,97.6800000,97.7100000,97.6700000,97.7000000,10700
ALRS,1,20161213,150400,97.7000000,97.7300000,97.7000000,97.7300000,24200
ALRS,1,20161213,150500,97.7300000,97.7400000,97.6700000,97.6700000,55900
ALRS,1,20161213,150600,97.6700000,97.7000000,97.6600000,97.7000000,45800
ALRS,1,20161213,150700,97.7000000,97.7500000,97.7000000,97.7500000,44700
ALRS,1,20161213,150800,97.7500000,97.7600000,97.7300000,97.7300000,8400
ALRS,1,20161213,150900,97.7500000,97.7700000,97.7300000,97.7700000,41600
ALRS,1,20161213,151000,97.7700000,97.7900000,97.7700000,97.7900000,34100
ALRS,1,20161213,151100,97.7900000,97.8000000,97.7600000,97.7600000,75700
ALRS,1,20161213,151200,97.7600000,97.7600000,97.6000000,97.6500000,82800
ALRS,1,20161213,151300,97.6200000,97.6700000,97.2000000,97.3100000,303800
ALRS,1,20161213,151400,97.3100000,97.5100000,97.3100000,97.4800000,73300
ALRS,1,20161213,151500,97.4900000,97.5100000,97.4700000,97.4900000,173700
ALRS,1,20161213,151600,97.4900000,97.5800000,97.4700000,97.4800000,175700
ALRS,1,20161213,151700,97.4700000,97.5500000,97.4700000,97.5000000,125600
ALRS,1,20161213,151800,97.4800000,97.7800000,97.4800000,97.7100000,107000
ALRS,1,20161213,151900,97.7100000,97.8500000,97.7100000,97.7900000,54700
ALRS,1,20161213,152000,97.7800000,97.8400000,97.6700000,97.8000000,69900
ALRS,1,20161213,152100,97.8300000,97.8800000,97.7600000,97.7800000,95700
ALRS,1,20161213,152200,97.8000000,97.8800000,97.7400000,97.7600000,62500
ALRS,1,20161213,152300,97.7600000,97.8000000,97.6000000,97.6000000,84300
ALRS,1,20161213,152400,97.6000000,97.7000000,97.6000000,97.7000000,36200
ALRS,1,20161213,152500,97.7000000,97.7000000,97.6000000,97.6100000,71300
ALRS,1,20161213,152600,97.5700000,97.6700000,97.5700000,97.6700000,14700
ALRS,1,20161213,152700,97.6900000,97.7000000,97.6800000,97.6800000,15700
ALRS,1,20161213,152800,97.6900000,97.6900000,97.6800000,97.6900000,13800
ALRS,1,20161213,152900,97.6900000,97.7000000,97.6700000,97.6900000,18500
ALRS,1,20161213,153000,97.6600000,97.7000000,97.6600000,97.7000000,12500
ALRS,1,20161213,153100,97.7000000,97.7700000,97.6500000,97.7000000,153900
ALRS,1,20161213,153200,97.7000000,97.7000000,97.7000000,97.7000000,39700
ALRS,1,20161213,153300,97.7000000,97.7000000,97.7000000,97.7000000,45500
ALRS,1,20161213,153400,97.7000000,97.7000000,97.7000000,97.7000000,17100
ALRS,1,20161213,153500,97.7000000,97.7000000,97.6600000,97.7000000,36400
ALRS,1,20161213,153600,97.6600000,97.7000000,97.6600000,97.7000000,7700
ALRS,1,20161213,153700,97.6800000,97.7000000,97.6800000,97.7000000,18400
ALRS,1,20161213,153800,97.7000000,97.7000000,97.6900000,97.7000000,28700
ALRS,1,20161213,153900,97.6900000,97.7200000,97.6900000,97.7000000,69000
ALRS,1,20161213,154000,97.7000000,97.7000000,97.6900000,97.7000000,39800
ALRS,1,20161213,154100,97.7000000,97.7100000,97.6900000,97.7000000,43500
ALRS,1,20161213,154200,97.7000000,97.7000000,97.6900000,97.7000000,36800
ALRS,1,20161213,154300,97.7000000,97.7000000,97.6900000,97.7000000,20000
ALRS,1,20161213,154400,97.7000000,97.7000000,97.6900000,97.7000000,19800
ALRS,1,20161213,154500,97.7000000,97.7200000,97.6900000,97.7000000,29600
ALRS,1,20161213,154600,97.7000000,97.7000000,97.6900000,97.7000000,13800
ALRS,1,20161213,154700,97.7000000,97.7100000,97.6900000,97.7000000,36800
ALRS,1,20161213,154800,97.6900000,97.7000000,97.6900000,97.7000000,14200
ALRS,1,20161213,154900,97.7000000,97.7000000,97.7000000,97.7000000,10600
ALRS,1,20161213,155000,97.7000000,97.7000000,97.6900000,97.7000000,22600
ALRS,1,20161213,155100,97.7000000,97.7000000,97.6900000,97.7000000,42100
ALRS,1,20161213,155200,97.7000000,97.7000000,97.6600000,97.7000000,48400
ALRS,1,20161213,155300,97.6900000,97.7000000,97.6700000,97.6800000,14400
ALRS,1,20161213,155400,97.6900000,97.7100000,97.6900000,97.7000000,20300
ALRS,1,20161213,155500,97.7000000,97.7000000,97.6900000,97.7000000,21200
ALRS,1,20161213,155600,97.7000000,97.7000000,97.6900000,97.7000000,17500
ALRS,1,20161213,155700,97.7000000,97.7400000,97.6100000,97.6100000,277000
ALRS,1,20161213,155800,97.6100000,97.7200000,97.5900000,97.6600000,93700
ALRS,1,20161213,155900,97.6600000,97.6800000,97.5900000,97.6800000,10400
ALRS,1,20161213,160000,97.6900000,97.7200000,97.6700000,97.7000000,20100
ALRS,1,20161213,160100,97.7000000,97.7000000,97.5900000,97.5900000,54500
ALRS,1,20161213,160200,97.5900000,97.6600000,97.5900000,97.6300000,4100
ALRS,1,20161213,160300,97.6700000,97.7400000,97.6600000,97.6700000,88600
ALRS,1,20161213,160400,97.6900000,97.7000000,97.4700000,97.5500000,183400
ALRS,1,20161213,160500,97.5400000,97.5500000,97.4700000,97.5500000,51000
ALRS,1,20161213,160600,97.5500000,97.5500000,97.4700000,97.4700000,72700
ALRS,1,20161213,160700,97.4900000,97.5500000,97.4900000,97.5500000,8800
ALRS,1,20161213,160800,97.5500000,97.6800000,97.5100000,97.6200000,38700
ALRS,1,20161213,160900,97.5700000,97.5700000,97.5300000,97.5500000,74600
ALRS,1,20161213,161000,97.5400000,97.5500000,97.5300000,97.5500000,21000
ALRS,1,20161213,161100,97.5400000,97.5500000,97.4700000,97.4700000,40700
ALRS,1,20161213,161200,97.4700000,97.5400000,97.4700000,97.5400000,15200
ALRS,1,20161213,161300,97.5400000,97.5500000,97.5300000,97.5300000,34600
ALRS,1,20161213,161400,97.5500000,97.5500000,97.5300000,97.5500000,41300
ALRS,1,20161213,161500,97.5500000,97.5500000,97.5300000,97.5500000,18800
ALRS,1,20161213,161600,97.5400000,97.5500000,97.5100000,97.5500000,57800
ALRS,1,20161213,161700,97.5300000,97.5500000,97.5100000,97.5400000,36600
ALRS,1,20161213,161800,97.5400000,97.5500000,97.5400000,97.5500000,31600
ALRS,1,20161213,161900,97.5500000,97.5800000,97.5400000,97.5800000,30100
ALRS,1,20161213,162000,97.5800000,97.7300000,97.5700000,97.6500000,90400
ALRS,1,20161213,162100,97.6600000,97.7400000,97.6400000,97.7000000,85100
ALRS,1,20161213,162200,97.6700000,97.6900000,97.6500000,97.6600000,17900
ALRS,1,20161213,162300,97.7000000,97.7200000,97.6700000,97.7000000,46700
ALRS,1,20161213,162400,97.7000000,97.7200000,97.6900000,97.7000000,27600
ALRS,1,20161213,162500,97.7000000,97.7000000,97.6900000,97.7000000,29000
ALRS,1,20161213,162600,97.7000000,97.7000000,97.5600000,97.6900000,54700
ALRS,1,20161213,162700,97.6700000,97.7500000,97.6600000,97.7500000,284200
ALRS,1,20161213,162800,97.7500000,98.1000000,97.7500000,98.0700000,548900
ALRS,1,20161213,162900,98.0600000,98.1000000,98.0000000,98.0000000,43000
ALRS,1,20161213,163000,98.0000000,98.1000000,98.0000000,98.1000000,73200
ALRS,1,20161213,163100,98.1000000,98.1000000,98.0800000,98.1000000,24400
ALRS,1,20161213,163200,98.1000000,98.2300000,98.0500000,98.2300000,154100
ALRS,1,20161213,163300,98.2400000,98.7000000,98.2400000,98.6500000,654200
ALRS,1,20161213,163400,98.6400000,98.8300000,98.6200000,98.7800000,161100
ALRS,1,20161213,163500,98.7800000,98.8000000,98.7100000,98.7800000,33600
ALRS,1,20161213,163600,98.7800000,98.8000000,98.7000000,98.7900000,111400
ALRS,1,20161213,163700,98.8000000,98.8300000,98.7800000,98.8000000,38700
ALRS,1,20161213,163800,98.8100000,98.8500000,98.7200000,98.8300000,50800
ALRS,1,20161213,163900,98.8300000,98.8900000,98.8000000,98.8700000,111600
ALRS,1,20161213,164000,98.8800000,98.8900000,98.7800000,98.8100000,52100
ALRS,1,20161213,164100,98.8500000,98.8600000,98.7900000,98.8200000,48100
ALRS,1,20161213,164200,98.8400000,99.0000000,98.8300000,98.8700000,820200
ALRS,1,20161213,164300,98.8800000,98.9800000,98.8600000,98.9700000,32200
ALRS,1,20161213,164400,98.9700000,98.9800000,98.9300000,98.9500000,29000
ALRS,1,20161213,164500,98.9700000,98.9900000,98.9300000,98.9700000,31500
ALRS,1,20161213,164600,98.9700000,99.0000000,98.9600000,98.9900000,169600
ALRS,1,20161213,164700,98.9900000,98.9900000,98.9800000,98.9900000,14900
ALRS,1,20161213,164800,98.9900000,98.9900000,98.8500000,98.8500000,61600
ALRS,1,20161213,164900,98.9200000,98.9500000,98.8500000,98.9500000,23300
ALRS,1,20161213,165000,98.9500000,98.9500000,98.7200000,98.7400000,88200
ALRS,1,20161213,165100,98.7800000,98.8800000,98.7000000,98.8100000,94400
ALRS,1,20161213,165200,98.8600000,98.9500000,98.8600000,98.9400000,63300
ALRS,1,20161213,165300,98.9000000,98.9500000,98.8800000,98.8800000,23000
ALRS,1,20161213,165400,98.9300000,98.9300000,98.8900000,98.9300000,17700
ALRS,1,20161213,165500,98.9300000,98.9600000,98.9200000,98.9600000,24400
ALRS,1,20161213,165600,98.9600000,98.9800000,98.9500000,98.9700000,10500
ALRS,1,20161213,165700,98.9700000,98.9800000,98.9400000,98.9400000,33500
ALRS,1,20161213,165800,98.9700000,98.9700000,98.9400000,98.9700000,11900
ALRS,1,20161213,165900,98.9700000,98.9900000,98.9600000,98.9700000,24700
ALRS,1,20161213,170000,98.9900000,98.9900000,98.9700000,98.9900000,32000
ALRS,1,20161213,170100,98.9900000,98.9900000,98.9800000,98.9800000,52100
ALRS,1,20161213,170200,98.9900000,98.9900000,98.9600000,98.9700000,25500
ALRS,1,20161213,170300,98.9400000,98.9600000,98.8900000,98.9000000,16000
ALRS,1,20161213,170400,98.9000000,98.9300000,98.9000000,98.9300000,11900
ALRS,1,20161213,170500,98.9300000,98.9300000,98.8600000,98.8600000,32600
ALRS,1,20161213,170600,98.8800000,98.9100000,98.8700000,98.8900000,32400
ALRS,1,20161213,170700,98.8900000,98.9000000,98.8600000,98.9000000,10000
ALRS,1,20161213,170800,98.9000000,98.9000000,98.8400000,98.8600000,18200
ALRS,1,20161213,170900,98.9000000,98.9000000,98.8400000,98.8500000,29200
ALRS,1,20161213,171000,98.8500000,98.8500000,98.8200000,98.8400000,27400
ALRS,1,20161213,171100,98.8400000,98.8500000,98.8200000,98.8200000,33900
ALRS,1,20161213,171200,98.8300000,98.8500000,98.8000000,98.8400000,18800
ALRS,1,20161213,171300,98.8400000,98.8500000,98.7500000,98.7900000,35400
ALRS,1,20161213,171400,98.7900000,98.7900000,98.7000000,98.7400000,106400
ALRS,1,20161213,171500,98.7400000,98.7400000,98.7000000,98.7100000,55200
ALRS,1,20161213,171600,98.7000000,98.7300000,98.7000000,98.7300000,36800
ALRS,1,20161213,171700,98.7300000,98.7400000,98.7000000,98.7100000,63800
ALRS,1,20161213,171800,98.7000000,98.8500000,98.7000000,98.8500000,50300
ALRS,1,20161213,171900,98.8500000,98.8900000,98.8300000,98.8500000,16500
ALRS,1,20161213,172000,98.8500000,98.8900000,98.8500000,98.8500000,10500
ALRS,1,20161213,172100,98.8500000,98.8900000,98.8300000,98.8300000,20500
ALRS,1,20161213,172200,98.8500000,98.8600000,98.8300000,98.8500000,24600
ALRS,1,20161213,172300,98.8300000,98.8500000,98.7100000,98.7300000,23500
ALRS,1,20161213,172400,98.7400000,98.7700000,98.7000000,98.7700000,79800
ALRS,1,20161213,172500,98.7700000,98.7900000,98.7500000,98.7600000,16800
ALRS,1,20161213,172600,98.7600000,98.7600000,98.7200000,98.7400000,13800
ALRS,1,20161213,172700,98.7500000,98.7600000,98.7400000,98.7400000,17900
ALRS,1,20161213,172800,98.7500000,98.7900000,98.7500000,98.7800000,23500
ALRS,1,20161213,172900,98.7800000,98.7900000,98.7600000,98.7800000,23000
ALRS,1,20161213,173000,98.7800000,98.7800000,98.7400000,98.7400000,4100
ALRS,1,20161213,173100,98.7500000,98.8400000,98.7300000,98.8400000,51700
ALRS,1,20161213,173200,98.8300000,98.8500000,98.7900000,98.8500000,19400
ALRS,1,20161213,173300,98.8500000,98.8500000,98.8000000,98.8000000,23600
ALRS,1,20161213,173400,98.8000000,98.8300000,98.7900000,98.8100000,15200
ALRS,1,20161213,173500,98.8400000,98.8500000,98.8200000,98.8200000,30600
ALRS,1,20161213,173600,98.8400000,98.8500000,98.8200000,98.8200000,3900
ALRS,1,20161213,173700,98.8500000,98.8500000,98.8000000,98.8100000,24000
ALRS,1,20161213,173800,98.8300000,98.8400000,98.8100000,98.8400000,11300
ALRS,1,20161213,173900,98.8400000,98.8500000,98.7000000,98.7500000,548700
ALRS,1,20161213,174000,98.7200000,98.7900000,98.7200000,98.7600000,13100
ALRS,1,20161213,174100,98.7900000,98.8500000,98.7800000,98.8400000,82500
ALRS,1,20161213,174200,98.8500000,98.8500000,98.7900000,98.8200000,103900
ALRS,1,20161213,174300,98.8300000,98.8300000,98.7900000,98.8300000,83600
ALRS,1,20161213,174400,98.8300000,98.8400000,98.8000000,98.8400000,25300
ALRS,1,20161213,174500,98.8400000,98.8500000,98.8000000,98.8000000,21000
ALRS,1,20161213,174600,98.8400000,98.8400000,98.7800000,98.8000000,41700
ALRS,1,20161213,174700,98.8000000,98.8000000,98.7900000,98.8000000,34900
ALRS,1,20161213,174800,98.8000000,98.8100000,98.7900000,98.8000000,31300
ALRS,1,20161213,174900,98.8000000,98.8000000,98.7900000,98.8000000,18700
ALRS,1,20161213,175000,98.8000000,98.8500000,98.7400000,98.7400000,309600
ALRS,1,20161213,175100,98.7700000,98.8000000,98.7500000,98.7700000,13500
ALRS,1,20161213,175200,98.7900000,98.7900000,98.7600000,98.7900000,21800
ALRS,1,20161213,175300,98.7800000,98.8300000,98.7800000,98.8200000,14300
ALRS,1,20161213,175400,98.8300000,98.8500000,98.8200000,98.8200000,13900
ALRS,1,20161213,175500,98.8500000,98.8500000,98.8300000,98.8500000,71200
ALRS,1,20161213,175600,98.8500000,98.8500000,98.8300000,98.8300000,40500
ALRS,1,20161213,175700,98.8200000,98.9000000,98.8100000,98.8700000,251900
ALRS,1,20161213,175800,98.8700000,98.9000000,98.8500000,98.8900000,22500
ALRS,1,20161213,175900,98.8600000,98.9000000,98.8600000,98.8900000,18400
ALRS,1,20161213,180000,98.9000000,98.9000000,98.8800000,98.8900000,20200
ALRS,1,20161213,180100,98.8700000,98.8700000,98.8000000,98.8500000,236700
ALRS,1,20161213,180200,98.8300000,98.8400000,98.8200000,98.8300000,9900
ALRS,1,20161213,180300,98.8400000,98.8500000,98.8100000,98.8500000,28500
ALRS,1,20161213,180400,98.8500000,98.8500000,98.8300000,98.8500000,20000
ALRS,1,20161213,180500,98.8500000,98.8500000,98.8200000,98.8300000,28800
ALRS,1,20161213,180600,98.8300000,98.8300000,98.8100000,98.8200000,28200
ALRS,1,20161213,180700,98.8200000,98.8400000,98.8200000,98.8400000,22100
ALRS,1,20161213,180800,98.8400000,98.8400000,98.8300000,98.8400000,15800
ALRS,1,20161213,180900,98.8400000,98.8400000,98.8300000,98.8400000,24300
ALRS,1,20161213,181000,98.8400000,98.8400000,98.8300000,98.8400000,13700
ALRS,1,20161213,181100,98.8400000,98.8500000,98.8400000,98.8500000,19100
ALRS,1,20161213,181200,98.8500000,98.8500000,98.8300000,98.8300000,44200
ALRS,1,20161213,181300,98.8300000,98.8300000,98.8200000,98.8200000,38300
ALRS,1,20161213,181400,98.8300000,98.8300000,98.8000000,98.8200000,771200
ALRS,1,20161213,181500,98.8200000,98.8500000,98.8000000,98.8300000,41400
ALRS,1,20161213,181600,98.8300000,98.8300000,98.8100000,98.8300000,113200
ALRS,1,20161213,181700,98.8300000,98.8300000,98.8000000,98.8200000,412000
ALRS,1,20161213,181800,98.8200000,98.8300000,98.7800000,98.8300000,84700
ALRS,1,20161213,181900,98.8100000,98.8300000,98.8100000,98.8300000,244400
ALRS,1,20161213,182000,98.8300000,98.8300000,98.8000000,98.8000000,51100
ALRS,1,20161213,182100,98.8100000,98.8100000,98.7800000,98.7800000,26200
ALRS,1,20161213,182200,98.7800000,98.8000000,98.7500000,98.7600000,26400
ALRS,1,20161213,182300,98.7600000,98.7600000,98.5600000,98.5800000,113900
ALRS,1,20161213,182400,98.5800000,98.5800000,98.5100000,98.5100000,54100
ALRS,1,20161213,182500,98.5300000,98.6900000,98.5300000,98.6200000,49700
ALRS,1,20161213,182600,98.6100000,98.8000000,98.6000000,98.7600000,248300
ALRS,1,20161213,182700,98.7600000,98.7600000,98.6800000,98.7100000,66700
ALRS,1,20161213,182800,98.7200000,98.7400000,98.6400000,98.6400000,54200
ALRS,1,20161213,182900,98.6400000,98.6400000,98.5700000,98.6000000,38600
ALRS,1,20161213,183000,98.6400000,98.6900000,98.5000000,98.5000000,130900
ALRS,1,20161213,183100,98.5100000,98.6700000,98.2000000,98.3100000,172200
ALRS,1,20161213,183200,98.3100000,98.5800000,98.3100000,98.4500000,212700
ALRS,1,20161213,183300,98.4900000,98.5500000,98.3900000,98.4400000,74800
ALRS,1,20161213,183400,98.4400000,98.5700000,98.4400000,98.5200000,34200
ALRS,1,20161213,183500,98.5200000,98.5700000,98.4100000,98.5000000,59000
ALRS,1,20161213,183600,98.5200000,98.5300000,98.3700000,98.4100000,76800
ALRS,1,20161213,183700,98.4100000,98.5500000,98.4100000,98.5200000,89800
ALRS,1,20161213,183800,98.5200000,98.5400000,98.4400000,98.4900000,54700
ALRS,1,20161213,183900,98.4900000,98.5500000,98.4100000,98.4700000,89800
ALRS,1,20161213,184000,98.5000000,98.6800000,98.4700000,98.5700000,135100
ALRS,1,20161213,184600,98.7000000,98.7000000,98.7000000,98.7000000,663600
ALRS,1,20161213,184700,98.7000000,98.7000000,98.7000000,98.7000000,2200
ALRS,1,20161213,184800,98.7000000,98.7000000,98.7000000,98.7000000,100
ALRS,1,20161214,100100,98.6000000,98.6700000,98.4800000,98.5500000,74600
ALRS,1,20161214,100200,98.6000000,98.6600000,98.4300000,98.5600000,57200
ALRS,1,20161214,100300,98.5600000,98.8900000,98.3000000,98.8800000,97100
ALRS,1,20161214,100400,98.8700000,98.8700000,98.5000000,98.7200000,41000
ALRS,1,20161214,100500,98.7200000,99.2800000,98.5600000,99.2100000,307600
ALRS,1,20161214,100600,99.2000000,99.4000000,99.0400000,99.3000000,87500
ALRS,1,20161214,100700,99.2900000,99.3800000,99.2400000,99.3500000,57600
ALRS,1,20161214,100800,99.3100000,99.6400000,99.3100000,99.6200000,224800
ALRS,1,20161214,100900,99.6200000,99.8100000,99.5300000,99.8100000,158000
ALRS,1,20161214,101000,99.8100000,99.8700000,99.5900000,99.8700000,266300
ALRS,1,20161214,101100,99.8700000,99.8900000,99.7200000,99.8000000,78500
ALRS,1,20161214,101200,99.7800000,99.8400000,99.7300000,99.8000000,43500
ALRS,1,20161214,101300,99.7600000,99.8100000,99.5000000,99.6300000,156400
ALRS,1,20161214,101400,99.6400000,99.6400000,99.5700000,99.5800000,3000
ALRS,1,20161214,101500,99.5500000,99.6400000,99.5000000,99.6400000,341400
ALRS,1,20161214,101600,99.6900000,99.7300000,99.5900000,99.6800000,39800
ALRS,1,20161214,101700,99.6000000,99.6500000,99.5500000,99.6500000,15200
ALRS,1,20161214,101800,99.6400000,99.7100000,99.5900000,99.6700000,66000
ALRS,1,20161214,101900,99.6700000,99.7800000,99.6600000,99.7100000,11500
ALRS,1,20161214,102000,99.7800000,99.7800000,99.6600000,99.7400000,31500
ALRS,1,20161214,102100,99.7400000,99.7400000,99.6500000,99.6900000,14000
ALRS,1,20161214,102200,99.6900000,99.7900000,99.6500000,99.7900000,33600
ALRS,1,20161214,102300,99.7800000,99.8000000,99.7500000,99.7900000,17800
ALRS,1,20161214,102400,99.8000000,100.3000000,99.8000000,99.9600000,610200
ALRS,1,20161214,102500,100.0200000,100.0500000,99.6700000,99.8400000,82700
ALRS,1,20161214,102600,99.8300000,99.9700000,99.7800000,99.9700000,67000
ALRS,1,20161214,102700,99.9700000,99.9900000,99.7100000,99.7900000,101500
