LKOH,1,20161213,100100,3361.0000000,3375.5000000,3360.5000000,3375.5000000,4851
LKOH,1,20161213,100200,3374.0000000,3376.5000000,3369.0000000,3376.5000000,1423
LKOH,1,20161213,100300,3375.0000000,3375.0000000,3374.0000000,3375.0000000,376
LKOH,1,20161213,100400,3375.5000000,3375.5000000,3374.0000000,3374.0000000,103
LKOH,1,20161213,100500,3372.5000000,3373.0000000,3370.0000000,3373.0000000,618
LKOH,1,20161213,100600,3370.0000000,3375.0000000,3370.0000000,3374.5000000,1282
LKOH,1,20161213,100700,3374.5000000,3375.0000000,3370.5000000,3372.0000000,3022
LKOH,1,20161213,100800,3374.0000000,3374.5000000,3374.0000000,3374.5000000,36
LKOH,1,20161213,100900,3374.5000000,3376.0000000,3373.0000000,3376.0000000,3589
LKOH,1,20161213,101000,3376.0000000,3378.0000000,3373.0000000,3378.0000000,2738
LKOH,1,20161213,101100,3378.0000000,3382.5000000,3378.0000000,3381.5000000,1118
LKOH,1,20161213,101200,3381.5000000,3382.0000000,3380.0000000,3380.0000000,699
LKOH,1,20161213,101300,3381.5000000,3384.0000000,3379.5000000,3384.0000000,2035
LKOH,1,20161213,101400,3384.0000000,3385.0000000,3380.0000000,3380.0000000,1812
LKOH,1,20161213,101500,3379.0000000,3380.5000000,3378.5000000,3378.5000000,600
LKOH,1,20161213,101600,3378.0000000,3380.0000000,3368.5000000,3380.0000000,2052
LKOH,1,20161213,101700,3380.0000000,3383.0000000,3380.0000000,3383.0000000,660
LKOH,1,20161213,101800,3383.0000000,3383.0000000,3379.5000000,3380.0000000,572
LKOH,1,20161213,101900,3382.5000000,3384.5000000,3382.5000000,3384.5000000,507
LKOH,1,20161213,102000,3384.5000000,3384.5000000,3383.0000000,3383.0000000,74
LKOH,1,20161213,102100,3382.0000000,3384.5000000,3380.5000000,3384.5000000,644
LKOH,1,20161213,102200,3384.0000000,3385.0000000,3384.0000000,3385.0000000,1519
LKOH,1,20161213,102300,3385.0000000,3390.0000000,3383.0000000,3383.0000000,2141
LKOH,1,20161213,102400,3383.5000000,3386.0000000,3383.0000000,3386.0000000,495
LKOH,1,20161213,102500,3386.0000000,3386.0000000,3383.5000000,3386.0000000,549
LKOH,1,20161213,102600,3386.0000000,3398.0000000,3386.0000000,3397.0000000,3388
LKOH,1,20161213,102700,3397.0000000,3397.0000000,3393.0000000,3393.0000000,69
LKOH,1,20161213,102800,3394.0000000,3394.0000000,3390.0000000,3390.0000000,453
LKOH,1,20161213,102900,3390.0000000,3394.5000000,3390.0000000,3391.0000000,220
LKOH,1,20161213,103000,3393.0000000,3396.5000000,3391.5000000,3396.5000000,1120
LKOH,1,20161213,103100,3396.5000000,3397.5000000,3394.0000000,3397.5000000,1230
LKOH,1,20161213,103200,3397.5000000,3398.5000000,3394.0000000,3394.0000000,194
LKOH,1,20161213,103300,3395.0000000,3395.0000000,3391.0000000,3391.0000000,534
LKOH,1,20161213,103400,3392.0000000,3394.0000000,3392.0000000,3394.0000000,454
LKOH,1,20161213,103500,3394.0000000,3395.0000000,3393.0000000,3394.0000000,293
LKOH,1,20161213,103600,3394.5000000,3399.0000000,3394.0000000,3396.5000000,2327
LKOH,1,20161213,103700,3398.5000000,3405.5000000,3397.0000000,3405.0000000,2701
LKOH,1,20161213,103800,3406.0000000,3406.0000000,3400.0000000,3400.0000000,1843
LKOH,1,20161213,103900,3401.5000000,3401.5000000,3400.0000000,3400.5000000,6868
LKOH,1,20161213,104000,3400.5000000,3402.0000000,3400.0000000,3402.0000000,727
LKOH,1,20161213,104100,3402.0000000,3402.0000000,3401.5000000,3402.0000000,443
LKOH,1,20161213,104200,3402.0000000,3402.0000000,3400.0000000,3400.0000000,1311
LKOH,1,20161213,104300,3401.0000000,3402.0000000,3399.0000000,3400.0000000,1757
LKOH,1,20161213,104400,3400.0000000,3400.0000000,3399.0000000,3400.0000000,346
LKOH,1,20161213,104500,3400.0000000,3400.0000000,3399.0000000,3399.0000000,397
LKOH,1,20161213,104600,3399.0000000,3399.0000000,3393.0000000,3398.0000000,2080
LKOH,1,20161213,104700,3399.0000000,3399.5000000,3395.0000000,3395.0000000,729
LKOH,1,20161213,104800,3395.0000000,3396.5000000,3392.5000000,3392.5000000,945
LKOH,1,20161213,104900,3395.5000000,3396.0000000,3393.5000000,3396.0000000,104
LKOH,1,20161213,105000,3396.0000000,3399.0000000,3396.0000000,3397.5000000,437
LKOH,1,20161213,105100,3397.5000000,3397.5000000,3395.5000000,3397.5000000,95
LKOH,1,20161213,105200,3396.5000000,3397.5000000,3396.0000000,3397.5000000,157
LKOH,1,20161213,105300,3396.0000000,3398.0000000,3396.0000000,3396.5000000,39
LKOH,1,20161213,105400,3397.5000000,3397.5000000,3396.0000000,3396.0000000,9
LKOH,1,20161213,105500,3396.5000000,3396.5000000,3396.5000000,3396.5000000,14
LKOH,1,20161213,105600,3396.5000000,3397.0000000,3396.0000000,3397.0000000,1694
LKOH,1,20161213,105700,3396.5000000,3396.5000000,3396.0000000,3396.5000000,959
LKOH,1,20161213,105800,3396.5000000,3396.5000000,3396.0000000,3396.0000000,181
LKOH,1,20161213,105900,3396.0000000,3396.0000000,3396.0000000,3396.0000000,168
LKOH,1,20161213,110000,3396.0000000,3396.0000000,3396.0000000,3396.0000000,793
LKOH,1,20161213,110100,3396.0000000,3399.0000000,3394.5000000,3396.0000000,27973
LKOH,1,20161213,110200,3396.0000000,3398.0000000,3394.5000000,3394.5000000,4835
LKOH,1,20161213,110300,3396.0000000,3396.5000000,3394.5000000,3396.5000000,484
LKOH,1,20161213,110400,3397.0000000,3397.5000000,3394.5000000,3397.5000000,11775
LKOH,1,20161213,110500,3397.5000000,3397.5000000,3386.5000000,3389.0000000,11990
LKOH,1,20161213,110600,3389.0000000,3389.5000000,3371.5000000,3372.5000000,10865
LKOH,1,20161213,110700,3375.5000000,3378.0000000,3366.0000000,3369.5000000,10377
LKOH,1,20161213,110800,3373.0000000,3377.0000000,3362.0000000,3363.0000000,8911
LKOH,1,20161213,110900,3362.0000000,3367.0000000,3358.0000000,3360.0000000,11796
LKOH,1,20161213,111000,3361.5000000,3367.0000000,3360.0000000,3363.5000000,5278
LKOH,1,20161213,111100,3366.0000000,3367.0000000,3362.0000000,3365.0000000,1599
LKOH,1,20161213,111200,3365.0000000,3365.0000000,3361.5000000,3365.0000000,2741
LKOH,1,20161213,111300,3363.0000000,3365.0000000,3363.0000000,3365.0000000,20
LKOH,1,20161213,111400,3365.0000000,3365.0000000,3355.0000000,3360.0000000,6760
LKOH,1,20161213,111500,3359.5000000,3361.0000000,3355.0000000,3356.0000000,868
LKOH,1,20161213,111600,3357.5000000,3358.0000000,3350.0000000,3350.0000000,6364
LKOH,1,20161213,111700,3350.0000000,3351.0000000,3342.0000000,3342.0000000,12831
LKOH,1,20161213,111800,3342.5000000,3344.0000000,3341.5000000,3342.0000000,4660
LKOH,1,20161213,111900,3342.0000000,3348.5000000,3335.0000000,3345.0000000,10225
LKOH,1,20161213,112000,3345.0000000,3346.5000000,3342.0000000,3342.0000000,724
LKOH,1,20161213,112100,3343.5000000,3343.5000000,3337.0000000,3337.0000000,3531
LKOH,1,20161213,112200,3339.0000000,3339.5000000,3337.0000000,3339.5000000,1116
LKOH,1,20161213,112300,3338.0000000,3339.5000000,3334.5000000,3334.5000000,2271
LKOH,1,20161213,112400,3335.0000000,3343.5000000,3334.5000000,3340.5000000,2777
LKOH,1,20161213,112500,3343.5000000,3344.5000000,3338.5000000,3342.0000000,1411
LKOH,1,20161213,112600,3342.0000000,3342.5000000,3340.0000000,3342.5000000,228
LKOH,1,20161213,112700,3340.5000000,3344.0000000,3337.0000000,3337.0000000,1672
LKOH,1,20161213,112800,3337.5000000,3342.0000000,3337.0000000,3338.5000000,2539
LKOH,1,20161213,112900,3340.5000000,3341.0000000,3337.0000000,3338.5000000,664
LKOH,1,20161213,113000,3340.0000000,3343.5000000,3331.5000000,3334.0000000,9549
LKOH,1,20161213,113100,3334.5000000,3340.0000000,3334.0000000,3339.5000000,3922
LKOH,1,20161213,113200,3339.5000000,3340.5000000,3336.5000000,3339.5000000,2560
LKOH,1,20161213,113300,3339.5000000,3340.0000000,3335.0000000,3335.0000000,2097
LKOH,1,20161213,113400,3337.5000000,3340.5000000,3332.5000000,3337.0000000,5188
LKOH,1,20161213,113500,3337.5000000,3343.5000000,3337.5000000,3343.5000000,1027
LKOH,1,20161213,113600,3343.0000000,3344.0000000,3342.0000000,3342.5000000,270
LKOH,1,20161213,113700,3343.0000000,3345.0000000,3343.0000000,3345.0000000,1132
LKOH,1,20161213,113800,3344.5000000,3349.5000000,3344.0000000,3348.5000000,2576
LKOH,1,20161213,113900,3346.5000000,3352.0000000,3346.0000000,3350.0000000,3084
LKOH,1,20161213,114000,3350.0000000,3350.5000000,3345.0000000,3345.0000000,1832
LKOH,1,20161213,114100,3347.0000000,3350.0000000,3347.0000000,3349.5000000,824
LKOH,1,20161213,114200,3348.0000000,3349.5000000,3347.0000000,3349.0000000,234
LKOH,1,20161213,114300,3349.0000000,3350.5000000,3349.0000000,3349.5000000,548
LKOH,1,20161213,114400,3349.5000000,3350.0000000,3346.5000000,3349.0000000,1331
LKOH,1,20161213,114500,3349.0000000,3352.0000000,3347.0000000,3350.0000000,3022
LKOH,1,20161213,114600,3350.0000000,3350.5000000,3349.5000000,3350.0000000,802
LKOH,1,20161213,114700,3350.0000000,3351.0000000,3344.0000000,3347.0000000,6110
LKOH,1,20161213,114800,3344.0000000,3350.0000000,3344.0000000,3349.5000000,1110
LKOH,1,20161213,114900,3349.5000000,3352.0000000,3349.5000000,3351.5000000,492
LKOH,1,20161213,115000,3352.0000000,3353.5000000,3350.0000000,3352.5000000,875
LKOH,1,20161213,115100,3352.0000000,3353.5000000,3348.0000000,3352.5000000,5862
LKOH,1,20161213,115200,3352.5000000,3352.5000000,3348.5000000,3349.5000000,878
LKOH,1,20161213,115300,3348.0000000,3348.0000000,3344.0000000,3346.0000000,1569
LKOH,1,20161213,115400,3348.0000000,3348.0000000,3344.5000000,3347.0000000,331
LKOH,1,20161213,115500,3345.0000000,3345.0000000,3337.5000000,3337.5000000,5257
LKOH,1,20161213,115600,3339.5000000,3340.5000000,3336.0000000,3338.0000000,2199
LKOH,1,20161213,115700,3338.0000000,3341.5000000,3338.0000000,3341.5000000,1847
LKOH,1,20161213,115800,3341.5000000,3344.5000000,3340.0000000,3340.0000000,1028
LKOH,1,20161213,115900,3343.0000000,3343.0000000,3340.0000000,3342.0000000,1050
LKOH,1,20161213,120000,3341.0000000,3341.5000000,3335.0000000,3340.5000000,1747
LKOH,1,20161213,120100,3342.5000000,3344.0000000,3340.0000000,3340.0000000,2006
LKOH,1,20161213,120200,3343.0000000,3343.5000000,3342.0000000,3343.5000000,333
LKOH,1,20161213,120300,3343.5000000,3343.5000000,3339.5000000,3339.5000000,116
LKOH,1,20161213,120400,3342.0000000,3342.0000000,3339.0000000,3341.5000000,942
LKOH,1,20161213,120500,3341.0000000,3345.0000000,3339.5000000,3343.0000000,1944
LKOH,1,20161213,120600,3342.0000000,3344.5000000,3341.0000000,3344.0000000,1457
LKOH,1,20161213,120700,3342.5000000,3344.5000000,3342.5000000,3344.0000000,873
LKOH,1,20161213,120800,3344.5000000,3348.5000000,3343.0000000,3346.5000000,2098
LKOH,1,20161213,120900,3344.5000000,3348.0000000,3341.0000000,3348.0000000,3654
LKOH,1,20161213,121000,3348.0000000,3348.5000000,3345.0000000,3345.5000000,726
LKOH,1,20161213,121100,3347.5000000,3348.0000000,3344.5000000,3346.5000000,679
LKOH,1,20161213,121200,3345.5000000,3349.0000000,3345.5000000,3346.0000000,1306
LKOH,1,20161213,121300,3346.0000000,3350.5000000,3345.0000000,3350.0000000,2619
LKOH,1,20161213,121400,3347.0000000,3355.0000000,3343.0000000,3346.0000000,7601
LKOH,1,20161213,121500,3346.0000000,3347.0000000,3344.0000000,3346.0000000,401
LKOH,1,20161213,121600,3346.0000000,3347.0000000,3344.0000000,3346.5000000,392
LKOH,1,20161213,121700,3344.0000000,3346.0000000,3342.0000000,3342.0000000,1244
LKOH,1,20161213,121800,3344.0000000,3344.0000000,3344.0000000,3344.0000000,2
LKOH,1,20161213,121900,3343.5000000,3343.5000000,3342.0000000,3342.0000000,128
LKOH,1,20161213,122000,3342.0000000,3345.0000000,3341.0000000,3344.5000000,997
LKOH,1,20161213,122100,3341.5000000,3345.0000000,3340.5000000,3342.0000000,1731
LKOH,1,20161213,122200,3341.0000000,3342.5000000,3340.0000000,3340.0000000,1096
LKOH,1,20161213,122300,3340.0000000,3345.5000000,3338.5000000,3345.5000000,4007
LKOH,1,20161213,122400,3342.0000000,3346.0000000,3341.5000000,3346.0000000,1221
LKOH,1,20161213,122500,3346.0000000,3348.5000000,3343.0000000,3344.0000000,2966
LKOH,1,20161213,122600,3346.5000000,3348.0000000,3343.5000000,3347.5000000,3714
LKOH,1,20161213,122700,3345.0000000,3345.0000000,3338.5000000,3345.0000000,4142
LKOH,1,20161213,122800,3342.0000000,3345.0000000,3340.0000000,3341.5000000,1647
LKOH,1,20161213,122900,3341.5000000,3344.0000000,3336.0000000,3340.5000000,7767
LKOH,1,20161213,123000,3340.5000000,3343.5000000,3337.5000000,3340.0000000,2046
LKOH,1,20161213,123100,3338.0000000,3338.0000000,3335.0000000,3338.0000000,2221
LKOH,1,20161213,123200,3338.0000000,3339.0000000,3337.0000000,3337.0000000,1108
LKOH,1,20161213,123300,3338.0000000,3339.5000000,3335.0000000,3335.0000000,3025
LKOH,1,20161213,123400,3335.5000000,3337.0000000,3335.0000000,3335.0000000,1324
LKOH,1,20161213,123500,3335.0000000,3336.0000000,3334.0000000,3334.5000000,787
LKOH,1,20161213,123600,3334.5000000,3336.0000000,3333.0000000,3334.5000000,725
LKOH,1,20161213,123700,3335.0000000,3335.0000000,3331.5000000,3332.0000000,3114
LKOH,1,20161213,123800,3331.5000000,3335.5000000,3331.5000000,3335.5000000,736
LKOH,1,20161213,123900,3333.5000000,3335.5000000,3331.5000000,3335.0000000,1279
LKOH,1,20161213,124000,3334.0000000,3336.0000000,3334.0000000,3335.5000000,318
LKOH,1,20161213,124100,3336.0000000,3336.5000000,3333.5000000,3336.5000000,724
LKOH,1,20161213,124200,3336.5000000,3337.0000000,3334.5000000,3335.0000000,2386
LKOH,1,20161213,124300,3335.5000000,3335.5000000,3333.0000000,3333.0000000,1020
LKOH,1,20161213,124400,3335.5000000,3335.5000000,3334.0000000,3335.5000000,61
LKOH,1,20161213,124500,3335.0000000,3336.5000000,3333.5000000,3336.5000000,510
LKOH,1,20161213,124600,3334.5000000,3336.5000000,3333.5000000,3336.0000000,2611
LKOH,1,20161213,124700,3336.0000000,3336.5000000,3331.0000000,3332.0000000,3644
LKOH,1,20161213,124800,3333.5000000,3333.5000000,3332.0000000,3332.0000000,8
LKOH,1,20161213,124900,3333.0000000,3333.5000000,3331.0000000,3331.0000000,1207
LKOH,1,20161213,125000,3331.0000000,3331.5000000,3330.0000000,3330.0000000,2307
LKOH,1,20161213,125100,3332.0000000,3332.0000000,3330.5000000,3330.5000000,208
LKOH,1,20161213,125200,3331.0000000,3331.5000000,3330.0000000,3331.5000000,5022
LKOH,1,20161213,125300,3331.5000000,3333.5000000,3327.0000000,3327.0000000,2698
LKOH,1,20161213,125400,3327.0000000,3330.0000000,3326.5000000,3329.5000000,549
LKOH,1,20161213,125500,3330.0000000,3331.0000000,3328.5000000,3331.0000000,212
LKOH,1,20161213,125600,3330.0000000,3330.0000000,3330.0000000,3330.0000000,9
LKOH,1,20161213,125700,3330.0000000,3330.0000000,3325.5000000,3325.5000000,429
LKOH,1,20161213,125800,3325.5000000,3328.5000000,3325.5000000,3328.5000000,150
LKOH,1,20161213,125900,3328.5000000,3328.5000000,3327.0000000,3328.5000000,22
LKOH,1,20161213,130000,3328.5000000,3330.0000000,3324.0000000,3329.5000000,2214
LKOH,1,20161213,130100,3329.0000000,3329.5000000,3326.0000000,3326.0000000,515
LKOH,1,20161213,130200,3327.0000000,3328.0000000,3324.0000000,3324.0000000,1431
LKOH,1,20161213,130300,3327.0000000,3327.0000000,3325.5000000,3326.0000000,542
LKOH,1,20161213,130400,3325.0000000,3327.0000000,3324.0000000,3327.0000000,116
LKOH,1,20161213,130500,3325.0000000,3326.5000000,3325.0000000,3326.5000000,34
LKOH,1,20161213,130600,3326.0000000,3326.5000000,3326.0000000,3326.0000000,4
LKOH,1,20161213,130700,3326.0000000,3326.5000000,3325.0000000,3325.0000000,16
LKOH,1,20161213,130800,3325.5000000,3325.5000000,3324.0000000,3325.5000000,20
LKOH,1,20161213,130900,3325.0000000,3325.5000000,3324.0000000,3324.5000000,48
LKOH,1,20161213,131000,3324.0000000,3327.5000000,3323.5000000,3327.0000000,957
LKOH,1,20161213,131100,3327.0000000,3327.0000000,3327.0000000,3327.0000000,13
LKOH,1,20161213,131200,3327.0000000,3327.0000000,3324.5000000,3326.0000000,218
LKOH,1,20161213,131300,3327.0000000,3330.0000000,3327.0000000,3329.5000000,1026
LKOH,1,20161213,131400,3329.5000000,3329.5000000,3326.5000000,3329.5000000,175
LKOH,1,20161213,131500,3329.5000000,3331.0000000,3329.5000000,3330.0000000,608
LKOH,1,20161213,131600,3331.0000000,3334.5000000,3330.0000000,3331.0000000,4025
LKOH,1,20161213,131700,3331.5000000,3333.5000000,3331.0000000,3333.0000000,782
LKOH,1,20161213,131800,3332.5000000,3332.5000000,3325.5000000,3327.0000000,3767
LKOH,1,20161213,131900,3327.0000000,3327.0000000,3327.0000000,3327.0000000,159
LKOH,1,20161213,132000,3329.0000000,3330.0000000,3327.0000000,3329.0000000,1149
LKOH,1,20161213,132100,3327.5000000,3327.5000000,3322.5000000,3325.0000000,2687
LKOH,1,20161213,132200,3327.0000000,3330.0000000,3327.0000000,3327.0000000,1462
LKOH,1,20161213,132300,3329.5000000,3331.5000000,3327.5000000,3327.5000000,1458
LKOH,1,20161213,132400,3329.5000000,3332.5000000,3329.5000000,3332.5000000,958
LKOH,1,20161213,132500,3332.5000000,3333.0000000,3330.5000000,3330.5000000,210
LKOH,1,20161213,132600,3332.0000000,3333.5000000,3330.0000000,3333.5000000,115
LKOH,1,20161213,132700,3333.0000000,3333.0000000,3328.5000000,3328.5000000,1613
LKOH,1,20161213,132800,3329.0000000,3329.5000000,3329.0000000,3329.5000000,68
LKOH,1,20161213,132900,3331.0000000,3331.0000000,3328.5000000,3331.0000000,1155
LKOH,1,20161213,133000,3331.0000000,3331.0000000,3325.0000000,3325.0000000,1549
LKOH,1,20161213,133100,3327.0000000,3329.5000000,3327.0000000,3329.5000000,458
LKOH,1,20161213,133200,3330.0000000,3330.0000000,3330.0000000,3330.0000000,20
LKOH,1,20161213,133300,3328.5000000,3332.0000000,3328.5000000,3331.0000000,1263
LKOH,1,20161213,133400,3331.0000000,3334.0000000,3329.5000000,3334.0000000,1688
LKOH,1,20161213,133500,3332.0000000,3334.0000000,3330.5000000,3333.5000000,904
LKOH,1,20161213,133600,3331.5000000,3334.5000000,3331.5000000,3334.0000000,464
LKOH,1,20161213,133700,3334.0000000,3335.0000000,3332.5000000,3335.0000000,491
LKOH,1,20161213,133800,3335.0000000,3339.0000000,3335.0000000,3337.0000000,2084
LKOH,1,20161213,133900,3337.5000000,3338.0000000,3335.0000000,3336.0000000,227
LKOH,1,20161213,134000,3338.0000000,3340.5000000,3336.5000000,3338.5000000,404
LKOH,1,20161213,134100,3339.0000000,3340.5000000,3333.0000000,3333.0000000,1599
LKOH,1,20161213,134200,3335.5000000,3336.0000000,3333.5000000,3336.0000000,349
LKOH,1,20161213,134300,3336.0000000,3338.0000000,3336.0000000,3338.0000000,557
LKOH,1,20161213,134400,3335.0000000,3335.0000000,3331.0000000,3331.0000000,2266
LKOH,1,20161213,134500,3331.0000000,3334.0000000,3331.0000000,3334.0000000,1522
LKOH,1,20161213,134600,3331.0000000,3333.0000000,3330.0000000,3333.0000000,765
LKOH,1,20161213,134700,3332.0000000,3332.0000000,3332.0000000,3332.0000000,90
LKOH,1,20161213,134800,3332.0000000,3333.0000000,3331.5000000,3333.0000000,42
LKOH,1,20161213,134900,3333.0000000,3333.0000000,3332.0000000,3333.0000000,535
LKOH,1,20161213,135000,3331.5000000,3332.5000000,3330.5000000,3332.5000000,158
LKOH,1,20161213,135100,3331.5000000,3331.5000000,3329.5000000,3329.5000000,598
LKOH,1,20161213,135200,3330.0000000,3331.5000000,3330.0000000,3331.0000000,153
LKOH,1,20161213,135300,3332.5000000,3333.0000000,3331.0000000,3331.0000000,120
LKOH,1,20161213,135400,3332.5000000,3333.5000000,3332.5000000,3333.5000000,200
LKOH,1,20161213,135500,3333.0000000,3333.0000000,3331.0000000,3332.5000000,168
LKOH,1,20161213,135600,3332.5000000,3333.0000000,3328.5000000,3328.5000000,928
LKOH,1,20161213,135700,3331.0000000,3332.5000000,3331.0000000,3332.5000000,570
LKOH,1,20161213,135800,3332.0000000,3333.0000000,3331.0000000,3332.5000000,480
LKOH,1,20161213,135900,3332.5000000,3333.0000000,3331.5000000,3332.0000000,1198
LKOH,1,20161213,140000,3332.0000000,3333.5000000,3330.5000000,3333.5000000,460
LKOH,1,20161213,140200,3333.0000000,3333.5000000,3333.0000000,3333.5000000,309
LKOH,1,20161213,140300,3333.5000000,3333.5000000,3333.5000000,3333.5000000,100
LKOH,1,20161213,140400,3334.0000000,3334.0000000,3334.0000000,3334.0000000,300
LKOH,1,20161213,140500,3333.5000000,3334.0000000,3333.5000000,3334.0000000,54
LKOH,1,20161213,140600,3334.0000000,3348.0000000,3334.0000000,3344.0000000,7504
LKOH,1,20161213,140700,3347.5000000,3349.0000000,3346.5000000,3348.5000000,1521
LKOH,1,20161213,140800,3349.0000000,3353.0000000,3347.0000000,3347.0000000,1756
LKOH,1,20161213,140900,3348.0000000,3348.0000000,3344.0000000,3344.5000000,471
LKOH,1,20161213,141000,3345.0000000,3346.0000000,3343.5000000,3343.5000000,856
LKOH,1,20161213,141100,3345.0000000,3346.5000000,3344.0000000,3346.0000000,592
LKOH,1,20161213,141200,3344.5000000,3344.5000000,3343.0000000,3343.0000000,274
LKOH,1,20161213,141300,3343.5000000,3343.5000000,3341.0000000,3342.0000000,778
LKOH,1,20161213,141400,3341.0000000,3341.0000000,3336.5000000,3336.5000000,377
LKOH,1,20161213,141500,3336.5000000,3338.5000000,3336.5000000,3337.0000000,796
LKOH,1,20161213,141600,3338.5000000,3340.5000000,3338.5000000,3340.5000000,692
LKOH,1,20161213,141700,3338.5000000,3339.0000000,3338.5000000,3338.5000000,51
LKOH,1,20161213,141800,3340.0000000,3340.0000000,3334.0000000,3334.0000000,209
LKOH,1,20161213,141900,3334.0000000,3339.0000000,3333.5000000,3339.0000000,1333
LKOH,1,20161213,142000,3339.0000000,3341.5000000,3339.0000000,3341.5000000,360
LKOH,1,20161213,142100,3341.5000000,3342.5000000,3341.5000000,3342.0000000,207
LKOH,1,20161213,142200,3341.5000000,3348.0000000,3341.0000000,3348.0000000,1330
LKOH,1,20161213,142300,3347.5000000,3358.0000000,3346.0000000,3351.0000000,6925
LKOH,1,20161213,142400,3351.5000000,3355.5000000,3350.0000000,3354.5000000,2641
LKOH,1,20161213,142500,3355.5000000,3361.0000000,3349.0000000,3361.0000000,6597
LKOH,1,20161213,142600,3361.0000000,3361.5000000,3356.5000000,3356.5000000,2856
LKOH,1,20161213,142700,3355.5000000,3355.5000000,3350.5000000,3350.5000000,1631
LKOH,1,20161213,142800,3350.5000000,3351.0000000,3349.0000000,3349.0000000,739
LKOH,1,20161213,142900,3349.5000000,3351.0000000,3348.5000000,3351.0000000,757
LKOH,1,20161213,143000,3351.0000000,3352.0000000,3350.5000000,3352.0000000,685
LKOH,1,20161213,143100,3353.5000000,3357.5000000,3353.5000000,3356.0000000,2329
LKOH,1,20161213,143200,3356.0000000,3356.0000000,3346.0000000,3353.0000000,2777
LKOH,1,20161213,143300,3353.0000000,3354.0000000,3352.0000000,3354.0000000,223
LKOH,1,20161213,143400,3353.5000000,3359.0000000,3350.5000000,3354.5000000,2053
LKOH,1,20161213,143500,3351.5000000,3356.0000000,3351.0000000,3352.0000000,1484
LKOH,1,20161213,143600,3355.0000000,3355.0000000,3350.0000000,3354.0000000,1076
LKOH,1,20161213,143700,3353.0000000,3355.5000000,3351.0000000,3355.5000000,1720
LKOH,1,20161213,143800,3355.0000000,3356.0000000,3349.0000000,3350.0000000,982
LKOH,1,20161213,143900,3350.5000000,3351.0000000,3347.5000000,3350.5000000,630
LKOH,1,20161213,144000,3350.5000000,3354.5000000,3346.0000000,3350.0000000,3274
LKOH,1,20161213,144100,3349.0000000,3349.0000000,3346.0000000,3348.5000000,1778
LKOH,1,20161213,144200,3348.5000000,3349.5000000,3346.0000000,3348.5000000,2703
LKOH,1,20161213,144300,3348.5000000,3352.0000000,3347.5000000,3350.5000000,2712
LKOH,1,20161213,144400,3350.0000000,3350.0000000,3347.0000000,3347.0000000,453
LKOH,1,20161213,144500,3347.0000000,3349.0000000,3346.0000000,3346.0000000,851
LKOH,1,20161213,144600,3346.5000000,3346.5000000,3346.0000000,3346.5000000,1346
LKOH,1,20161213,144700,3347.0000000,3347.0000000,3346.0000000,3346.0000000,626
LKOH,1,20161213,144800,3347.5000000,3351.0000000,3347.5000000,3351.0000000,835
LKOH,1,20161213,144900,3350.0000000,3350.0000000,3349.0000000,3350.0000000,401
LKOH,1,20161213,145000,3348.0000000,3349.5000000,3348.0000000,3349.5000000,5
LKOH,1,20161213,145100,3348.5000000,3348.5000000,3347.0000000,3348.5000000,45
LKOH,1,20161213,145200,3348.5000000,3348.5000000,3346.0000000,3346.0000000,953
LKOH,1,20161213,145300,3346.0000000,3349.5000000,3345.0000000,3347.0000000,1477
LKOH,1,20161213,145400,3349.0000000,3352.5000000,3343.5000000,3343.5000000,2996
LKOH,1,20161213,145500,3346.0000000,3346.0000000,3343.0000000,3344.5000000,176
LKOH,1,20161213,145600,3344.0000000,3352.5000000,3344.0000000,3345.0000000,3962
LKOH,1,20161213,145700,3348.0000000,3349.0000000,3343.5000000,3345.0000000,402
LKOH,1,20161213,145800,3347.0000000,3348.5000000,3345.0000000,3347.5000000,1426
LKOH,1,20161213,145900,3347.0000000,3347.0000000,3340.5000000,3340.5000000,4531
LKOH,1,20161213,150000,3341.5000000,3345.5000000,3341.5000000,3345.5000000,1309
LKOH,1,20161213,150200,3342.0000000,3345.0000000,3341.5000000,3344.0000000,402
LKOH,1,20161213,150300,3343.5000000,3347.0000000,3341.0000000,3344.0000000,6470
LKOH,1,20161213,150400,3341.5000000,3341.5000000,3335.0000000,3335.0000000,3179
LKOH,1,20161213,150500,3338.5000000,3344.5000000,3337.0000000,3344.5000000,1145
LKOH,1,20161213,150600,3342.0000000,3343.0000000,3335.0000000,3337.0000000,2236
LKOH,1,20161213,150700,3336.5000000,3338.5000000,3333.0000000,3336.0000000,5395
LKOH,1,20161213,150800,3336.0000000,3336.5000000,3334.5000000,3336.0000000,590
LKOH,1,20161213,150900,3336.0000000,3337.0000000,3333.0000000,3333.5000000,1775
LKOH,1,20161213,151000,3335.5000000,3336.5000000,3331.5000000,3332.5000000,1368
LKOH,1,20161213,151100,3334.0000000,3334.0000000,3331.0000000,3331.5000000,1008
LKOH,1,20161213,151200,3331.5000000,3331.5000000,3328.5000000,3328.5000000,9589
LKOH,1,20161213,151300,3331.0000000,3331.5000000,3328.5000000,3328.5000000,199
LKOH,1,20161213,151400,3330.0000000,3330.0000000,3330.0000000,3330.0000000,11
LKOH,1,20161213,151500,3330.0000000,3331.0000000,3328.5000000,3328.5000000,399
LKOH,1,20161213,151600,3330.0000000,3332.5000000,3328.5000000,3332.5000000,1538
LKOH,1,20161213,151700,3332.0000000,3332.5000000,3327.5000000,3329.5000000,1773
LKOH,1,20161213,151800,3329.0000000,3332.5000000,3329.0000000,3332.0000000,1492
LKOH,1,20161213,151900,3330.5000000,3332.0000000,3330.0000000,3330.0000000,48
LKOH,1,20161213,152000,3329.5000000,3329.5000000,3329.0000000,3329.0000000,92
LKOH,1,20161213,152100,3330.5000000,3331.5000000,3330.5000000,3331.0000000,350
LKOH,1,20161213,152200,3331.0000000,3331.0000000,3329.0000000,3329.0000000,651
LKOH,1,20161213,152300,3331.0000000,3332.0000000,3328.0000000,3332.0000000,966
LKOH,1,20161213,152400,3330.5000000,3331.5000000,3327.5000000,3329.0000000,1601
LKOH,1,20161213,152500,3330.5000000,3331.5000000,3327.5000000,3327.5000000,2041
LKOH,1,20161213,152600,3329.5000000,3329.5000000,3327.5000000,3327.5000000,185
LKOH,1,20161213,152700,3327.5000000,3328.0000000,3325.5000000,3327.5000000,1428
LKOH,1,20161213,152800,3326.5000000,3328.0000000,3326.5000000,3326.5000000,86
LKOH,1,20161213,152900,3327.5000000,3328.0000000,3325.5000000,3328.0000000,1867
LKOH,1,20161213,153000,3328.0000000,3328.5000000,3325.5000000,3328.5000000,842
LKOH,1,20161213,153100,3328.0000000,3329.0000000,3326.0000000,3326.0000000,996
LKOH,1,20161213,153200,3326.0000000,3328.5000000,3325.5000000,3328.0000000,755
LKOH,1,20161213,153300,3326.5000000,3328.5000000,3325.5000000,3325.5000000,4722
LKOH,1,20161213,153400,3327.0000000,3328.5000000,3327.0000000,3328.5000000,219
LKOH,1,20161213,153500,3327.5000000,3328.5000000,3327.0000000,3328.5000000,265
LKOH,1,20161213,153600,3328.5000000,3330.0000000,3326.0000000,3326.0000000,966
LKOH,1,20161213,153700,3328.0000000,3329.0000000,3327.0000000,3327.0000000,45
LKOH,1,20161213,153800,3327.0000000,3328.0000000,3326.5000000,3328.0000000,442
LKOH,1,20161213,153900,3329.0000000,3329.5000000,3329.0000000,3329.0000000,568
LKOH,1,20161213,154000,3329.5000000,3331.0000000,3327.0000000,3327.0000000,2523
LKOH,1,20161213,154100,3329.0000000,3331.5000000,3329.0000000,3331.5000000,495
LKOH,1,20161213,154200,3331.5000000,3333.5000000,3330.0000000,3330.0000000,3098
LKOH,1,20161213,154300,3331.5000000,3331.5000000,3329.0000000,3331.0000000,679
LKOH,1,20161213,154400,3331.0000000,3331.5000000,3329.0000000,3329.0000000,165
LKOH,1,20161213,154500,3329.5000000,3331.5000000,3328.0000000,3329.0000000,1058
LKOH,1,20161213,154600,3329.0000000,3331.0000000,3329.0000000,3331.0000000,299
LKOH,1,20161213,154700,3331.0000000,3332.0000000,3330.5000000,3332.0000000,840
LKOH,1,20161213,154800,3331.5000000,3331.5000000,3329.5000000,3329.5000000,266
LKOH,1,20161213,154900,3330.0000000,3330.5000000,3329.0000000,3330.5000000,520
LKOH,1,20161213,155000,3329.0000000,3330.0000000,3329.0000000,3330.0000000,305
LKOH,1,20161213,155100,3329.0000000,3331.0000000,3329.0000000,3330.5000000,425
LKOH,1,20161213,155200,3330.0000000,3330.5000000,3330.0000000,3330.0000000,1071
LKOH,1,20161213,155300,3330.0000000,3330.0000000,3326.0000000,3326.5000000,1188
LKOH,1,20161213,155400,3326.5000000,3330.0000000,3326.5000000,3330.0000000,207
LKOH,1,20161213,155500,3331.0000000,3331.0000000,3331.0000000,3331.0000000,536
LKOH,1,20161213,155600,3331.0000000,3331.0000000,3331.0000000,3331.0000000,2
LKOH,1,20161213,155700,3331.5000000,3332.5000000,3329.0000000,3332.5000000,732
LKOH,1,20161213,155800,3333.0000000,3333.5000000,3331.0000000,3331.0000000,148
LKOH,1,20161213,155900,3331.0000000,3331.0000000,3331.0000000,3331.0000000,54
LKOH,1,20161213,160000,3331.0000000,3331.0000000,3329.5000000,3329.5000000,43
LKOH,1,20161213,160100,3331.0000000,3331.0000000,3328.5000000,3328.5000000,216
LKOH,1,20161213,160200,3330.0000000,3330.0000000,3330.0000000,3330.0000000,100
LKOH,1,20161213,160300,3330.0000000,3330.0000000,3328.5000000,3330.0000000,493
LKOH,1,20161213,160400,3328.5000000,3331.0000000,3328.5000000,3330.0000000,990
LKOH,1,20161213,160500,3330.5000000,3330.5000000,3330.0000000,3330.0000000,146
LKOH,1,20161213,160600,3330.0000000,3331.0000000,3329.5000000,3330.5000000,278
LKOH,1,20161213,160700,3330.5000000,3331.5000000,3330.5000000,3331.5000000,641
LKOH,1,20161213,160800,3331.0000000,3331.5000000,3331.0000000,3331.5000000,290
LKOH,1,20161213,160900,3331.0000000,3331.5000000,3330.5000000,3331.5000000,229
LKOH,1,20161213,161000,3331.5000000,3332.5000000,3330.0000000,3332.5000000,421
LKOH,1,20161213,161100,3332.5000000,3332.5000000,3330.5000000,3332.0000000,112
LKOH,1,20161213,161200,3332.0000000,3332.0000000,3332.0000000,3332.0000000,5
LKOH,1,20161213,161300,3330.5000000,3331.5000000,3330.5000000,3330.5000000,20
LKOH,1,20161213,161400,3332.0000000,3335.5000000,3332.0000000,3335.0000000,1562
LKOH,1,20161213,161500,3335.5000000,3336.5000000,3333.5000000,3335.5000000,385
LKOH,1,20161213,161600,3334.5000000,3339.5000000,3333.5000000,3337.0000000,1972
LKOH,1,20161213,161700,3337.0000000,3340.0000000,3335.5000000,3337.0000000,1266
LKOH,1,20161213,161800,3337.0000000,3337.0000000,3336.5000000,3336.5000000,127
LKOH,1,20161213,161900,3336.5000000,3336.5000000,3336.0000000,3336.5000000,151
LKOH,1,20161213,162000,3337.5000000,3339.0000000,3335.5000000,3339.0000000,1379
LKOH,1,20161213,162100,3337.5000000,3339.0000000,3337.0000000,3339.0000000,493
LKOH,1,20161213,162200,3337.5000000,3337.5000000,3334.0000000,3337.5000000,2217
LKOH,1,20161213,162300,3335.0000000,3340.0000000,3335.0000000,3339.0000000,1246
LKOH,1,20161213,162400,3338.5000000,3340.5000000,3336.5000000,3339.5000000,1260
LKOH,1,20161213,162500,3338.5000000,3339.0000000,3334.5000000,3335.5000000,860
LKOH,1,20161213,162600,3335.0000000,3335.0000000,3334.5000000,3335.0000000,378
LKOH,1,20161213,162700,3335.0000000,3336.0000000,3330.0000000,3332.0000000,5831
LKOH,1,20161213,162800,3334.0000000,3334.0000000,3332.5000000,3333.5000000,47
LKOH,1,20161213,162900,3333.0000000,3334.5000000,3333.0000000,3334.5000000,681
LKOH,1,20161213,163000,3333.0000000,3335.5000000,3329.0000000,3335.5000000,2950
LKOH,1,20161213,163100,3335.5000000,3338.5000000,3329.0000000,3331.0000000,3937
LKOH,1,20161213,163200,3332.5000000,3333.5000000,3332.5000000,3333.5000000,1072
LKOH,1,20161213,163300,3333.0000000,3334.0000000,3330.0000000,3330.0000000,548
LKOH,1,20161213,163400,3332.5000000,3333.5000000,3329.5000000,3332.5000000,1033
LKOH,1,20161213,163500,3332.5000000,3336.0000000,3332.5000000,3336.0000000,710
LKOH,1,20161213,163600,3336.0000000,3337.0000000,3335.5000000,3335.5000000,383
LKOH,1,20161213,163700,3336.0000000,3338.5000000,3336.0000000,3338.5000000,1002
LKOH,1,20161213,163800,3338.0000000,3338.5000000,3334.0000000,3337.0000000,1315
LKOH,1,20161213,163900,3337.0000000,3338.0000000,3333.0000000,3338.0000000,2118
LKOH,1,20161213,164000,3338.0000000,3339.0000000,3335.0000000,3335.0000000,1150
LKOH,1,20161213,164100,3334.0000000,3334.5000000,3333.5000000,3334.5000000,202
LKOH,1,20161213,164200,3336.0000000,3336.0000000,3334.5000000,3334.5000000,520
LKOH,1,20161213,164300,3334.0000000,3335.0000000,3331.0000000,3333.0000000,1431
LKOH,1,20161213,164400,3333.0000000,3333.0000000,3330.5000000,3333.0000000,310
LKOH,1,20161213,164500,3332.5000000,3336.0000000,3331.0000000,3335.0000000,2022
LKOH,1,20161213,164600,3335.0000000,3336.0000000,3331.0000000,3333.5000000,2698
LKOH,1,20161213,164700,3334.0000000,3334.0000000,3328.5000000,3329.0000000,1510
LKOH,1,20161213,164800,3328.5000000,3329.0000000,3327.0000000,3327.5000000,1192
LKOH,1,20161213,164900,3329.5000000,3330.5000000,3328.0000000,3330.5000000,672
LKOH,1,20161213,165000,3330.0000000,3330.5000000,3328.5000000,3330.0000000,1260
LKOH,1,20161213,165100,3329.0000000,3330.5000000,3326.5000000,3327.0000000,2357
LKOH,1,20161213,165200,3327.0000000,3334.0000000,3326.5000000,3328.0000000,7049
LKOH,1,20161213,165300,3329.5000000,3329.5000000,3329.5000000,3329.5000000,110
LKOH,1,20161213,165400,3331.0000000,3337.0000000,3329.5000000,3335.0000000,2749
LKOH,1,20161213,165500,3335.0000000,3337.5000000,3331.5000000,3336.5000000,2031
LKOH,1,20161213,165600,3336.0000000,3336.5000000,3333.5000000,3333.5000000,294
LKOH,1,20161213,165700,3334.5000000,3334.5000000,3333.0000000,3333.0000000,62
LKOH,1,20161213,165800,3333.5000000,3335.0000000,3331.5000000,3331.5000000,1290
LKOH,1,20161213,165900,3333.0000000,3335.0000000,3333.0000000,3335.0000000,699
LKOH,1,20161213,170000,3336.0000000,3337.5000000,3334.0000000,3336.0000000,1410
LKOH,1,20161213,170100,3335.0000000,3339.0000000,3334.0000000,3339.0000000,5153
LKOH,1,20161213,170200,3336.5000000,3338.0000000,3333.5000000,3335.0000000,943
LKOH,1,20161213,170300,3333.0000000,3335.5000000,3331.5000000,3332.0000000,1455
LKOH,1,20161213,170400,3332.5000000,3333.5000000,3331.5000000,3333.5000000,60
LKOH,1,20161213,170500,3332.0000000,3332.0000000,3332.0000000,3332.0000000,10
LKOH,1,20161213,170600,3331.0000000,3331.0000000,3327.5000000,3329.5000000,1655
LKOH,1,20161213,170700,3328.5000000,3329.0000000,3327.5000000,3328.5000000,1038
LKOH,1,20161213,170800,3330.5000000,3330.5000000,3329.0000000,3330.5000000,191
LKOH,1,20161213,170900,3330.5000000,3331.0000000,3330.5000000,3330.5000000,363
LKOH,1,20161213,171000,3330.0000000,3332.5000000,3330.0000000,3332.5000000,463
LKOH,1,20161213,171100,3333.0000000,3337.0000000,3332.5000000,3336.5000000,637
LKOH,1,20161213,171200,3337.5000000,3337.5000000,3336.0000000,3336.5000000,32
LKOH,1,20161213,171300,3335.0000000,3335.0000000,3335.0000000,3335.0000000,60
LKOH,1,20161213,171400,3334.5000000,3335.5000000,3333.0000000,3333.0000000,522
LKOH,1,20161213,171500,3335.0000000,3336.0000000,3335.0000000,3335.0000000,450
LKOH,1,20161213,171600,3336.5000000,3336.5000000,3332.0000000,3332.5000000,330
LKOH,1,20161213,171700,3334.0000000,3336.5000000,3332.0000000,3334.0000000,579
LKOH,1,20161213,171800,3333.5000000,3333.5000000,3333.5000000,3333.5000000,8
LKOH,1,20161213,171900,3333.5000000,3333.5000000,3329.0000000,3332.0000000,1258
LKOH,1,20161213,172000,3332.0000000,3332.0000000,3330.0000000,3331.5000000,85
LKOH,1,20161213,172100,3330.0000000,3334.0000000,3330.0000000,3333.0000000,363
LKOH,1,20161213,172200,3333.0000000,3336.5000000,3333.0000000,3334.0000000,1450
LKOH,1,20161213,172300,3333.5000000,3334.5000000,3332.5000000,3334.5000000,340
LKOH,1,20161213,172400,3335.5000000,3336.0000000,3335.5000000,3335.5000000,53
LKOH,1,20161213,172500,3334.5000000,3334.5000000,3333.0000000,3334.5000000,1084
LKOH,1,20161213,172600,3333.5000000,3336.5000000,3333.5000000,3336.5000000,2008
LKOH,1,20161213,172700,3335.5000000,3338.5000000,3335.5000000,3338.5000000,1057
LKOH,1,20161213,172800,3339.0000000,3340.5000000,3335.0000000,3335.0000000,1546
LKOH,1,20161213,172900,3335.0000000,3336.0000000,3335.0000000,3335.5000000,2348
LKOH,1,20161213,173000,3335.0000000,3339.5000000,3335.0000000,3339.5000000,486
LKOH,1,20161213,173100,3340.0000000,3341.0000000,3332.5000000,3340.5000000,5299
LKOH,1,20161213,173200,3339.5000000,3341.0000000,3333.5000000,3340.0000000,3151
LKOH,1,20161213,173300,3339.0000000,3340.0000000,3335.0000000,3335.5000000,2002
LKOH,1,20161213,173400,3336.5000000,3338.0000000,3334.0000000,3334.0000000,2213
LKOH,1,20161213,173500,3336.5000000,3338.0000000,3336.5000000,3336.5000000,148
LKOH,1,20161213,173600,3336.5000000,3336.5000000,3336.5000000,3336.5000000,4
LKOH,1,20161213,173700,3336.0000000,3336.0000000,3331.0000000,3333.5000000,1339
LKOH,1,20161213,173800,3333.5000000,3336.5000000,3331.5000000,3335.5000000,1563
LKOH,1,20161213,173900,3336.0000000,3336.5000000,3332.5000000,3332.5000000,332
LKOH,1,20161213,174000,3335.0000000,3335.0000000,3333.5000000,3333.5000000,1007
LKOH,1,20161213,174100,3336.0000000,3339.0000000,3335.0000000,3339.0000000,758
LKOH,1,20161213,174200,3336.0000000,3336.5000000,3333.5000000,3335.0000000,1926
LKOH,1,20161213,174300,3334.5000000,3336.5000000,3331.0000000,3336.5000000,2903
LKOH,1,20161213,174400,3336.5000000,3336.5000000,3332.5000000,3333.0000000,2564
LKOH,1,20161213,174500,3334.5000000,3336.0000000,3332.5000000,3333.0000000,771
LKOH,1,20161213,174600,3332.5000000,3333.5000000,3330.5000000,3330.5000000,2252
LKOH,1,20161213,174700,3330.5000000,3332.0000000,3328.5000000,3332.0000000,2305
LKOH,1,20161213,174800,3329.5000000,3331.5000000,3329.0000000,3330.0000000,2878
LKOH,1,20161213,174900,3331.0000000,3331.0000000,3325.5000000,3330.0000000,3329
LKOH,1,20161213,175000,3330.5000000,3331.0000000,3330.5000000,3331.0000000,393
LKOH,1,20161213,175100,3331.5000000,3332.0000000,3329.5000000,3331.5000000,197
LKOH,1,20161213,175200,3331.0000000,3331.0000000,3330.0000000,3330.0000000,29
LKOH,1,20161213,175300,3331.5000000,3331.5000000,3329.5000000,3330.5000000,35
LKOH,1,20161213,175400,3332.0000000,3333.0000000,3330.5000000,3330.5000000,41
LKOH,1,20161213,175500,3332.5000000,3332.5000000,3330.5000000,3330.5000000,129
LKOH,1,20161213,175600,3332.0000000,3333.0000000,3332.0000000,3333.0000000,8
LKOH,1,20161213,175700,3332.0000000,3333.0000000,3331.0000000,3331.0000000,78
LKOH,1,20161213,175800,3331.5000000,3334.5000000,3330.5000000,3331.5000000,1839
LKOH,1,20161213,175900,3331.5000000,3334.0000000,3331.5000000,3332.5000000,375
LKOH,1,20161213,180000,3332.0000000,3334.0000000,3329.5000000,3329.5000000,426
LKOH,1,20161213,180100,3331.0000000,3331.0000000,3330.5000000,3330.5000000,583
LKOH,1,20161213,180200,3330.5000000,3332.0000000,3329.5000000,3332.0000000,352
LKOH,1,20161213,180300,3331.0000000,3332.5000000,3330.0000000,3332.5000000,605
LKOH,1,20161213,180400,3331.5000000,3335.0000000,3330.0000000,3334.5000000,2260
LKOH,1,20161213,180500,3332.0000000,3332.0000000,3332.0000000,3332.0000000,133
LKOH,1,20161213,180600,3330.5000000,3331.5000000,3330.5000000,3331.5000000,138
LKOH,1,20161213,180700,3330.0000000,3332.5000000,3330.0000000,3332.5000000,303
LKOH,1,20161213,180800,3332.5000000,3332.5000000,3331.5000000,3332.5000000,218
LKOH,1,20161213,180900,3332.5000000,3333.5000000,3329.5000000,3330.0000000,1553
LKOH,1,20161213,181000,3330.0000000,3331.5000000,3329.5000000,3331.5000000,413
LKOH,1,20161213,181100,3331.5000000,3331.5000000,3328.0000000,3328.0000000,1256
LKOH,1,20161213,181200,3327.5000000,3330.5000000,3326.0000000,3329.0000000,3508
LKOH,1,20161213,181300,3327.5000000,3328.0000000,3326.0000000,3328.0000000,1461
LKOH,1,20161213,181400,3328.0000000,3329.5000000,3327.5000000,3329.0000000,582
LKOH,1,20161213,181500,3327.0000000,3328.0000000,3326.0000000,3326.0000000,1073
LKOH,1,20161213,181600,3327.5000000,3328.0000000,3326.0000000,3327.5000000,677
LKOH,1,20161213,181700,3326.5000000,3327.0000000,3325.5000000,3326.5000000,552
LKOH,1,20161213,181800,3326.5000000,3326.5000000,3323.0000000,3324.0000000,6616
LKOH,1,20161213,181900,3323.5000000,3325.0000000,3323.0000000,3325.0000000,1562
LKOH,1,20161213,182000,3326.0000000,3326.5000000,3323.0000000,3325.5000000,881
LKOH,1,20161213,182100,3324.0000000,3325.5000000,3323.0000000,3323.0000000,2709
LKOH,1,20161213,182200,3323.0000000,3324.5000000,3322.5000000,3322.5000000,1106
LKOH,1,20161213,182300,3322.5000000,3323.0000000,3320.0000000,3321.5000000,4382
LKOH,1,20161213,182400,3320.5000000,3323.0000000,3317.0000000,3322.0000000,10108
LKOH,1,20161213,182500,3320.5000000,3322.5000000,3319.5000000,3319.5000000,1015
LKOH,1,20161213,182600,3320.0000000,3321.5000000,3319.0000000,3319.0000000,1010
LKOH,1,20161213,182700,3319.5000000,3321.0000000,3318.5000000,3318.5000000,647
LKOH,1,20161213,182800,3320.5000000,3320.5000000,3318.5000000,3320.5000000,314
LKOH,1,20161213,182900,3320.0000000,3320.5000000,3319.5000000,3319.5000000,97
LKOH,1,20161213,183000,3320.5000000,3321.0000000,3319.5000000,3319.5000000,588
LKOH,1,20161213,183100,3320.0000000,3322.0000000,3319.0000000,3322.0000000,2606
LKOH,1,20161213,183200,3322.0000000,3325.5000000,3322.0000000,3325.5000000,2119
