MGNT,1,20161213,100100,10351.0000000,10393.0000000,10337.0000000,10387.0000000,775
MGNT,1,20161213,100200,10386.0000000,10387.0000000,10359.0000000,10386.0000000,346
MGNT,1,20161213,100300,10376.0000000,10387.0000000,10375.0000000,10384.0000000,73
MGNT,1,20161213,100400,10370.0000000,10374.0000000,10354.0000000,10374.0000000,36
MGNT,1,20161213,100500,10373.0000000,10373.0000000,10373.0000000,10373.0000000,3
MGNT,1,20161213,100600,10370.0000000,10371.0000000,10366.0000000,10370.0000000,74
MGNT,1,20161213,100700,10371.0000000,10382.0000000,10353.0000000,10382.0000000,175
MGNT,1,20161213,100800,10382.0000000,10385.0000000,10379.0000000,10379.0000000,129
MGNT,1,20161213,100900,10379.0000000,10390.0000000,10375.0000000,10390.0000000,254
MGNT,1,20161213,101000,10389.0000000,10390.0000000,10379.0000000,10390.0000000,116
MGNT,1,20161213,101100,10390.0000000,10397.0000000,10382.0000000,10382.0000000,213
MGNT,1,20161213,101200,10389.0000000,10394.0000000,10379.0000000,10379.0000000,79
MGNT,1,20161213,101300,10389.0000000,10396.0000000,10389.0000000,10396.0000000,113
MGNT,1,20161213,101400,10382.0000000,10395.0000000,10381.0000000,10395.0000000,8
MGNT,1,20161213,101500,10383.0000000,10390.0000000,10375.0000000,10389.0000000,59
MGNT,1,20161213,101600,10389.0000000,10390.0000000,10385.0000000,10390.0000000,184
MGNT,1,20161213,101700,10389.0000000,10389.0000000,10382.0000000,10382.0000000,59
MGNT,1,20161213,101800,10383.0000000,10389.0000000,10383.0000000,10389.0000000,48
MGNT,1,20161213,101900,10388.0000000,10389.0000000,10368.0000000,10379.0000000,154
MGNT,1,20161213,102000,10382.0000000,10385.0000000,10382.0000000,10385.0000000,10
MGNT,1,20161213,102100,10377.0000000,10385.0000000,10376.0000000,10385.0000000,22
MGNT,1,20161213,102200,10383.0000000,10394.0000000,10383.0000000,10389.0000000,429
MGNT,1,20161213,102300,10389.0000000,10399.0000000,10389.0000000,10399.0000000,101
MGNT,1,20161213,102400,10398.0000000,10398.0000000,10390.0000000,10398.0000000,69
MGNT,1,20161213,102500,10398.0000000,10398.0000000,10390.0000000,10397.0000000,163
MGNT,1,20161213,102600,10397.0000000,10404.0000000,10380.0000000,10404.0000000,1203
MGNT,1,20161213,102700,10398.0000000,10400.0000000,10398.0000000,10398.0000000,19
MGNT,1,20161213,102800,10399.0000000,10400.0000000,10393.0000000,10393.0000000,82
MGNT,1,20161213,102900,10393.0000000,10393.0000000,10393.0000000,10393.0000000,2
MGNT,1,20161213,103000,10400.0000000,10400.0000000,10392.0000000,10392.0000000,70
MGNT,1,20161213,103100,10392.0000000,10408.0000000,10392.0000000,10408.0000000,210
MGNT,1,20161213,103200,10408.0000000,10408.0000000,10399.0000000,10407.0000000,49
MGNT,1,20161213,103300,10407.0000000,10409.0000000,10401.0000000,10409.0000000,132
MGNT,1,20161213,103400,10409.0000000,10409.0000000,10403.0000000,10409.0000000,27
MGNT,1,20161213,103500,10409.0000000,10410.0000000,10400.0000000,10408.0000000,145
MGNT,1,20161213,103600,10409.0000000,10409.0000000,10402.0000000,10409.0000000,349
MGNT,1,20161213,103700,10403.0000000,10403.0000000,10400.0000000,10400.0000000,87
MGNT,1,20161213,103800,10407.0000000,10408.0000000,10401.0000000,10408.0000000,14
MGNT,1,20161213,103900,10401.0000000,10402.0000000,10399.0000000,10399.0000000,92
MGNT,1,20161213,104000,10400.0000000,10403.0000000,10400.0000000,10403.0000000,3
MGNT,1,20161213,104100,10402.0000000,10402.0000000,10396.0000000,10396.0000000,131
MGNT,1,20161213,104300,10393.0000000,10395.0000000,10392.0000000,10392.0000000,66
MGNT,1,20161213,104400,10392.0000000,10399.0000000,10392.0000000,10399.0000000,40
MGNT,1,20161213,104600,10393.0000000,10399.0000000,10392.0000000,10399.0000000,84
MGNT,1,20161213,104700,10395.0000000,10403.0000000,10393.0000000,10396.0000000,84
MGNT,1,20161213,104800,10395.0000000,10400.0000000,10395.0000000,10400.0000000,10
MGNT,1,20161213,104900,10399.0000000,10399.0000000,10399.0000000,10399.0000000,8
MGNT,1,20161213,105000,10395.0000000,10402.0000000,10392.0000000,10392.0000000,194
MGNT,1,20161213,105100,10392.0000000,10392.0000000,10392.0000000,10392.0000000,40
MGNT,1,20161213,105200,10398.0000000,10398.0000000,10390.0000000,10390.0000000,35
MGNT,1,20161213,105300,10390.0000000,10393.0000000,10390.0000000,10393.0000000,23
MGNT,1,20161213,105400,10390.0000000,10393.0000000,10390.0000000,10390.0000000,59
MGNT,1,20161213,105600,10390.0000000,10396.0000000,10390.0000000,10396.0000000,11
MGNT,1,20161213,105700,10390.0000000,10390.0000000,10385.0000000,10385.0000000,41
MGNT,1,20161213,105800,10386.0000000,10386.0000000,10385.0000000,10385.0000000,74
MGNT,1,20161213,110000,10385.0000000,10385.0000000,10367.0000000,10367.0000000,169
MGNT,1,20161213,110100,10368.0000000,10385.0000000,10368.0000000,10385.0000000,176
MGNT,1,20161213,110200,10387.0000000,10396.0000000,10387.0000000,10396.0000000,115
MGNT,1,20161213,110300,10397.0000000,10398.0000000,10397.0000000,10398.0000000,8
MGNT,1,20161213,110400,10392.0000000,10395.0000000,10390.0000000,10395.0000000,524
MGNT,1,20161213,110500,10389.0000000,10395.0000000,10389.0000000,10395.0000000,51
MGNT,1,20161213,110600,10392.0000000,10398.0000000,10392.0000000,10398.0000000,140
MGNT,1,20161213,110700,10398.0000000,10400.0000000,10372.0000000,10387.0000000,508
MGNT,1,20161213,110800,10389.0000000,10399.0000000,10389.0000000,10399.0000000,205
MGNT,1,20161213,110900,10398.0000000,10398.0000000,10384.0000000,10394.0000000,95
MGNT,1,20161213,111000,10398.0000000,10404.0000000,10398.0000000,10403.0000000,274
MGNT,1,20161213,111300,10403.0000000,10403.0000000,10403.0000000,10403.0000000,1
MGNT,1,20161213,111400,10404.0000000,10405.0000000,10404.0000000,10405.0000000,41
MGNT,1,20161213,111500,10402.0000000,10402.0000000,10397.0000000,10397.0000000,106
MGNT,1,20161213,111600,10405.0000000,10408.0000000,10405.0000000,10408.0000000,25
MGNT,1,20161213,111700,10408.0000000,10411.0000000,10408.0000000,10408.0000000,315
MGNT,1,20161213,111800,10413.0000000,10414.0000000,10413.0000000,10414.0000000,16
MGNT,1,20161213,111900,10410.0000000,10415.0000000,10405.0000000,10415.0000000,228
MGNT,1,20161213,112000,10415.0000000,10415.0000000,10411.0000000,10411.0000000,21
MGNT,1,20161213,112100,10415.0000000,10415.0000000,10415.0000000,10415.0000000,16
MGNT,1,20161213,112200,10414.0000000,10415.0000000,10411.0000000,10414.0000000,35
MGNT,1,20161213,112300,10414.0000000,10416.0000000,10414.0000000,10416.0000000,70
MGNT,1,20161213,112400,10416.0000000,10428.0000000,10414.0000000,10427.0000000,386
MGNT,1,20161213,112500,10421.0000000,10430.0000000,10421.0000000,10425.0000000,106
MGNT,1,20161213,112600,10426.0000000,10429.0000000,10418.0000000,10426.0000000,178
MGNT,1,20161213,112700,10426.0000000,10435.0000000,10414.0000000,10430.0000000,742
MGNT,1,20161213,112800,10432.0000000,10437.0000000,10427.0000000,10435.0000000,206
MGNT,1,20161213,112900,10437.0000000,10437.0000000,10426.0000000,10436.0000000,243
MGNT,1,20161213,113000,10429.0000000,10439.0000000,10424.0000000,10437.0000000,680
MGNT,1,20161213,113100,10435.0000000,10448.0000000,10433.0000000,10447.0000000,1165
MGNT,1,20161213,113200,10447.0000000,10448.0000000,10438.0000000,10440.0000000,266
MGNT,1,20161213,113300,10440.0000000,10440.0000000,10440.0000000,10440.0000000,4
MGNT,1,20161213,113400,10439.0000000,10444.0000000,10439.0000000,10444.0000000,404
MGNT,1,20161213,113500,10444.0000000,10448.0000000,10440.0000000,10446.0000000,88
MGNT,1,20161213,113600,10442.0000000,10450.0000000,10441.0000000,10450.0000000,175
MGNT,1,20161213,113700,10445.0000000,10445.0000000,10439.0000000,10439.0000000,361
MGNT,1,20161213,113800,10435.0000000,10443.0000000,10435.0000000,10441.0000000,490
MGNT,1,20161213,113900,10441.0000000,10443.0000000,10440.0000000,10442.0000000,166
MGNT,1,20161213,114000,10442.0000000,10442.0000000,10438.0000000,10438.0000000,23
MGNT,1,20161213,114100,10441.0000000,10442.0000000,10431.0000000,10431.0000000,236
MGNT,1,20161213,114200,10431.0000000,10435.0000000,10415.0000000,10430.0000000,541
MGNT,1,20161213,114300,10430.0000000,10430.0000000,10425.0000000,10430.0000000,172
MGNT,1,20161213,114400,10430.0000000,10430.0000000,10429.0000000,10430.0000000,218
MGNT,1,20161213,114500,10430.0000000,10430.0000000,10427.0000000,10430.0000000,596
MGNT,1,20161213,114600,10428.0000000,10430.0000000,10428.0000000,10430.0000000,157
MGNT,1,20161213,114700,10430.0000000,10439.0000000,10429.0000000,10435.0000000,857
MGNT,1,20161213,114800,10435.0000000,10440.0000000,10434.0000000,10440.0000000,283
MGNT,1,20161213,114900,10436.0000000,10436.0000000,10432.0000000,10434.0000000,191
MGNT,1,20161213,115000,10434.0000000,10434.0000000,10428.0000000,10434.0000000,101
MGNT,1,20161213,115100,10434.0000000,10434.0000000,10428.0000000,10429.0000000,91
MGNT,1,20161213,115200,10426.0000000,10426.0000000,10422.0000000,10424.0000000,117
MGNT,1,20161213,115300,10421.0000000,10423.0000000,10421.0000000,10423.0000000,7
MGNT,1,20161213,115400,10420.0000000,10423.0000000,10410.0000000,10414.0000000,325
MGNT,1,20161213,115500,10415.0000000,10415.0000000,10412.0000000,10415.0000000,538
MGNT,1,20161213,115600,10415.0000000,10421.0000000,10410.0000000,10421.0000000,760
MGNT,1,20161213,115700,10421.0000000,10424.0000000,10418.0000000,10424.0000000,60
MGNT,1,20161213,115800,10424.0000000,10444.0000000,10424.0000000,10440.0000000,262
MGNT,1,20161213,115900,10445.0000000,10448.0000000,10445.0000000,10447.0000000,212
MGNT,1,20161213,120000,10445.0000000,10448.0000000,10443.0000000,10445.0000000,281
MGNT,1,20161213,120100,10445.0000000,10458.0000000,10445.0000000,10458.0000000,809
MGNT,1,20161213,120200,10458.0000000,10460.0000000,10456.0000000,10458.0000000,240
MGNT,1,20161213,120300,10457.0000000,10457.0000000,10447.0000000,10456.0000000,82
MGNT,1,20161213,120400,10453.0000000,10453.0000000,10450.0000000,10453.0000000,250
MGNT,1,20161213,120500,10453.0000000,10453.0000000,10449.0000000,10452.0000000,656
MGNT,1,20161213,120600,10452.0000000,10452.0000000,10449.0000000,10452.0000000,313
MGNT,1,20161213,120700,10450.0000000,10452.0000000,10442.0000000,10442.0000000,160
MGNT,1,20161213,120800,10440.0000000,10453.0000000,10440.0000000,10445.0000000,415
MGNT,1,20161213,120900,10452.0000000,10460.0000000,10446.0000000,10460.0000000,660
MGNT,1,20161213,121000,10459.0000000,10461.0000000,10459.0000000,10461.0000000,89
MGNT,1,20161213,121100,10461.0000000,10475.0000000,10459.0000000,10468.0000000,591
MGNT,1,20161213,121200,10473.0000000,10474.0000000,10471.0000000,10471.0000000,266
MGNT,1,20161213,121300,10469.0000000,10480.0000000,10469.0000000,10480.0000000,582
MGNT,1,20161213,121400,10479.0000000,10491.0000000,10479.0000000,10491.0000000,801
MGNT,1,20161213,121500,10488.0000000,10491.0000000,10484.0000000,10484.0000000,39
MGNT,1,20161213,121600,10490.0000000,10490.0000000,10478.0000000,10489.0000000,120
MGNT,1,20161213,121700,10485.0000000,10486.0000000,10473.0000000,10475.0000000,108
MGNT,1,20161213,121800,10472.0000000,10485.0000000,10472.0000000,10478.0000000,213
MGNT,1,20161213,121900,10477.0000000,10489.0000000,10473.0000000,10483.0000000,236
MGNT,1,20161213,122000,10483.0000000,10489.0000000,10475.0000000,10489.0000000,559
MGNT,1,20161213,122100,10484.0000000,10488.0000000,10476.0000000,10480.0000000,191
MGNT,1,20161213,122200,10476.0000000,10478.0000000,10472.0000000,10476.0000000,204
MGNT,1,20161213,122300,10472.0000000,10485.0000000,10472.0000000,10485.0000000,1090
MGNT,1,20161213,122400,10485.0000000,10485.0000000,10471.0000000,10481.0000000,376
MGNT,1,20161213,122500,10481.0000000,10485.0000000,10479.0000000,10480.0000000,585
MGNT,1,20161213,122600,10480.0000000,10485.0000000,10476.0000000,10483.0000000,507
MGNT,1,20161213,122700,10478.0000000,10487.0000000,10474.0000000,10487.0000000,201
MGNT,1,20161213,122800,10487.0000000,10495.0000000,10487.0000000,10495.0000000,488
MGNT,1,20161213,122900,10495.0000000,10495.0000000,10487.0000000,10494.0000000,369
MGNT,1,20161213,123000,10494.0000000,10495.0000000,10493.0000000,10494.0000000,104
MGNT,1,20161213,123100,10494.0000000,10494.0000000,10485.0000000,10492.0000000,235
MGNT,1,20161213,123200,10492.0000000,10494.0000000,10485.0000000,10486.0000000,130
MGNT,1,20161213,123300,10485.0000000,10485.0000000,10484.0000000,10484.0000000,21
MGNT,1,20161213,123400,10490.0000000,10491.0000000,10489.0000000,10491.0000000,53
MGNT,1,20161213,123500,10491.0000000,10491.0000000,10488.0000000,10491.0000000,88
MGNT,1,20161213,123600,10492.0000000,10494.0000000,10489.0000000,10494.0000000,172
MGNT,1,20161213,123700,10490.0000000,10490.0000000,10476.0000000,10480.0000000,300
MGNT,1,20161213,123800,10480.0000000,10485.0000000,10479.0000000,10483.0000000,584
MGNT,1,20161213,123900,10487.0000000,10493.0000000,10485.0000000,10485.0000000,223
MGNT,1,20161213,124000,10491.0000000,10495.0000000,10486.0000000,10495.0000000,201
MGNT,1,20161213,124100,10493.0000000,10495.0000000,10493.0000000,10495.0000000,144
MGNT,1,20161213,124200,10492.0000000,10495.0000000,10491.0000000,10495.0000000,83
MGNT,1,20161213,124300,10493.0000000,10495.0000000,10489.0000000,10489.0000000,249
MGNT,1,20161213,124400,10489.0000000,10493.0000000,10488.0000000,10488.0000000,102
MGNT,1,20161213,124500,10491.0000000,10494.0000000,10490.0000000,10494.0000000,82
MGNT,1,20161213,124600,10494.0000000,10495.0000000,10490.0000000,10495.0000000,802
MGNT,1,20161213,124700,10495.0000000,10500.0000000,10494.0000000,10499.0000000,937
MGNT,1,20161213,124800,10497.0000000,10499.0000000,10482.0000000,10482.0000000,92
MGNT,1,20161213,124900,10488.0000000,10490.0000000,10487.0000000,10489.0000000,23
MGNT,1,20161213,125000,10489.0000000,10489.0000000,10487.0000000,10487.0000000,29
MGNT,1,20161213,125100,10487.0000000,10489.0000000,10487.0000000,10489.0000000,50
MGNT,1,20161213,125200,10489.0000000,10489.0000000,10489.0000000,10489.0000000,7
MGNT,1,20161213,125300,10489.0000000,10489.0000000,10486.0000000,10489.0000000,26
MGNT,1,20161213,125400,10487.0000000,10493.0000000,10485.0000000,10485.0000000,129
MGNT,1,20161213,125500,10486.0000000,10486.0000000,10486.0000000,10486.0000000,10
MGNT,1,20161213,125600,10488.0000000,10492.0000000,10488.0000000,10492.0000000,6
MGNT,1,20161213,125700,10491.0000000,10493.0000000,10485.0000000,10491.0000000,63
MGNT,1,20161213,125800,10491.0000000,10491.0000000,10483.0000000,10484.0000000,92
MGNT,1,20161213,125900,10484.0000000,10484.0000000,10483.0000000,10483.0000000,23
MGNT,1,20161213,130000,10483.0000000,10488.0000000,10481.0000000,10487.0000000,164
MGNT,1,20161213,130100,10485.0000000,10488.0000000,10482.0000000,10488.0000000,42
MGNT,1,20161213,130200,10484.0000000,10488.0000000,10481.0000000,10481.0000000,201
MGNT,1,20161213,130300,10485.0000000,10485.0000000,10477.0000000,10480.0000000,103
MGNT,1,20161213,130400,10478.0000000,10479.0000000,10477.0000000,10477.0000000,9
MGNT,1,20161213,130500,10479.0000000,10480.0000000,10476.0000000,10480.0000000,15
MGNT,1,20161213,130600,10477.0000000,10480.0000000,10476.0000000,10480.0000000,36
MGNT,1,20161213,130700,10477.0000000,10477.0000000,10474.0000000,10474.0000000,225
MGNT,1,20161213,130800,10474.0000000,10474.0000000,10474.0000000,10474.0000000,17
MGNT,1,20161213,130900,10472.0000000,10474.0000000,10466.0000000,10469.0000000,378
MGNT,1,20161213,131000,10469.0000000,10470.0000000,10469.0000000,10470.0000000,104
MGNT,1,20161213,131100,10469.0000000,10470.0000000,10467.0000000,10469.0000000,82
MGNT,1,20161213,131200,10470.0000000,10470.0000000,10469.0000000,10469.0000000,315
MGNT,1,20161213,131300,10469.0000000,10470.0000000,10469.0000000,10470.0000000,109
MGNT,1,20161213,131400,10469.0000000,10469.0000000,10467.0000000,10469.0000000,37
MGNT,1,20161213,131500,10468.0000000,10468.0000000,10462.0000000,10468.0000000,209
MGNT,1,20161213,131600,10468.0000000,10475.0000000,10468.0000000,10475.0000000,741
MGNT,1,20161213,131700,10475.0000000,10475.0000000,10469.0000000,10470.0000000,146
MGNT,1,20161213,131800,10470.0000000,10470.0000000,10469.0000000,10470.0000000,219
MGNT,1,20161213,131900,10468.0000000,10470.0000000,10468.0000000,10470.0000000,103
MGNT,1,20161213,132000,10468.0000000,10469.0000000,10468.0000000,10469.0000000,8
MGNT,1,20161213,132100,10469.0000000,10469.0000000,10462.0000000,10469.0000000,175
MGNT,1,20161213,132200,10461.0000000,10470.0000000,10459.0000000,10464.0000000,87
MGNT,1,20161213,132300,10470.0000000,10470.0000000,10468.0000000,10468.0000000,325
MGNT,1,20161213,132400,10469.0000000,10470.0000000,10465.0000000,10470.0000000,261
MGNT,1,20161213,132500,10470.0000000,10470.0000000,10460.0000000,10460.0000000,38
MGNT,1,20161213,132600,10460.0000000,10460.0000000,10454.0000000,10455.0000000,103
MGNT,1,20161213,132700,10457.0000000,10463.0000000,10457.0000000,10463.0000000,9
MGNT,1,20161213,132800,10456.0000000,10456.0000000,10456.0000000,10456.0000000,26
MGNT,1,20161213,132900,10456.0000000,10456.0000000,10444.0000000,10444.0000000,187
MGNT,1,20161213,133000,10441.0000000,10442.0000000,10430.0000000,10430.0000000,413
MGNT,1,20161213,133100,10430.0000000,10438.0000000,10430.0000000,10438.0000000,64
MGNT,1,20161213,133200,10438.0000000,10438.0000000,10438.0000000,10438.0000000,36
MGNT,1,20161213,133300,10438.0000000,10444.0000000,10438.0000000,10444.0000000,237
MGNT,1,20161213,133400,10442.0000000,10460.0000000,10442.0000000,10460.0000000,393
MGNT,1,20161213,133500,10460.0000000,10463.0000000,10460.0000000,10463.0000000,91
MGNT,1,20161213,133600,10462.0000000,10470.0000000,10462.0000000,10470.0000000,229
MGNT,1,20161213,133700,10466.0000000,10469.0000000,10459.0000000,10469.0000000,366
MGNT,1,20161213,133800,10470.0000000,10470.0000000,10470.0000000,10470.0000000,216
MGNT,1,20161213,133900,10470.0000000,10470.0000000,10466.0000000,10470.0000000,86
MGNT,1,20161213,134000,10465.0000000,10470.0000000,10465.0000000,10466.0000000,163
MGNT,1,20161213,134100,10470.0000000,10470.0000000,10464.0000000,10464.0000000,15
MGNT,1,20161213,134200,10470.0000000,10480.0000000,10468.0000000,10480.0000000,232
MGNT,1,20161213,134300,10480.0000000,10481.0000000,10480.0000000,10480.0000000,47
MGNT,1,20161213,134400,10479.0000000,10479.0000000,10474.0000000,10475.0000000,99
MGNT,1,20161213,134500,10473.0000000,10484.0000000,10473.0000000,10484.0000000,177
MGNT,1,20161213,134600,10484.0000000,10486.0000000,10484.0000000,10486.0000000,103
MGNT,1,20161213,134700,10483.0000000,10483.0000000,10479.0000000,10483.0000000,61
MGNT,1,20161213,134800,10486.0000000,10488.0000000,10485.0000000,10488.0000000,133
MGNT,1,20161213,134900,10488.0000000,10489.0000000,10488.0000000,10489.0000000,82
MGNT,1,20161213,135000,10489.0000000,10489.0000000,10489.0000000,10489.0000000,18
MGNT,1,20161213,135100,10485.0000000,10485.0000000,10469.0000000,10477.0000000,455
MGNT,1,20161213,135200,10470.0000000,10470.0000000,10468.0000000,10468.0000000,31
MGNT,1,20161213,135300,10474.0000000,10475.0000000,10471.0000000,10471.0000000,12
MGNT,1,20161213,135400,10475.0000000,10475.0000000,10475.0000000,10475.0000000,35
MGNT,1,20161213,135500,10475.0000000,10480.0000000,10475.0000000,10480.0000000,24
MGNT,1,20161213,135600,10480.0000000,10480.0000000,10477.0000000,10477.0000000,64
MGNT,1,20161213,135700,10480.0000000,10489.0000000,10480.0000000,10489.0000000,432
MGNT,1,20161213,135800,10490.0000000,10490.0000000,10480.0000000,10489.0000000,305
MGNT,1,20161213,135900,10489.0000000,10489.0000000,10485.0000000,10485.0000000,124
MGNT,1,20161213,140000,10489.0000000,10490.0000000,10485.0000000,10485.0000000,47
MGNT,1,20161213,140100,10485.0000000,10485.0000000,10485.0000000,10485.0000000,3
MGNT,1,20161213,140200,10489.0000000,10489.0000000,10485.0000000,10485.0000000,16
MGNT,1,20161213,140300,10485.0000000,10488.0000000,10484.0000000,10488.0000000,20
MGNT,1,20161213,140500,10481.0000000,10481.0000000,10480.0000000,10480.0000000,26
MGNT,1,20161213,140600,10487.0000000,10520.0000000,10487.0000000,10516.0000000,2126
MGNT,1,20161213,140700,10520.0000000,10529.0000000,10515.0000000,10529.0000000,573
MGNT,1,20161213,140800,10527.0000000,10536.0000000,10526.0000000,10530.0000000,370
MGNT,1,20161213,140900,10528.0000000,10530.0000000,10528.0000000,10528.0000000,14
MGNT,1,20161213,141000,10530.0000000,10530.0000000,10515.0000000,10517.0000000,529
MGNT,1,20161213,141100,10519.0000000,10523.0000000,10519.0000000,10519.0000000,64
MGNT,1,20161213,141300,10525.0000000,10526.0000000,10525.0000000,10526.0000000,14
MGNT,1,20161213,141400,10524.0000000,10524.0000000,10524.0000000,10524.0000000,6
MGNT,1,20161213,141500,10525.0000000,10529.0000000,10525.0000000,10528.0000000,124
MGNT,1,20161213,141600,10522.0000000,10530.0000000,10520.0000000,10530.0000000,101
MGNT,1,20161213,141700,10528.0000000,10528.0000000,10524.0000000,10524.0000000,39
MGNT,1,20161213,141800,10529.0000000,10530.0000000,10522.0000000,10522.0000000,140
MGNT,1,20161213,141900,10522.0000000,10524.0000000,10512.0000000,10524.0000000,435
MGNT,1,20161213,142000,10524.0000000,10524.0000000,10520.0000000,10520.0000000,213
MGNT,1,20161213,142100,10525.0000000,10530.0000000,10525.0000000,10530.0000000,125
MGNT,1,20161213,142200,10530.0000000,10530.0000000,10526.0000000,10529.0000000,399
MGNT,1,20161213,142300,10529.0000000,10530.0000000,10521.0000000,10530.0000000,1243
MGNT,1,20161213,142400,10530.0000000,10530.0000000,10525.0000000,10530.0000000,269
MGNT,1,20161213,142500,10526.0000000,10540.0000000,10526.0000000,10540.0000000,787
MGNT,1,20161213,142600,10540.0000000,10540.0000000,10532.0000000,10539.0000000,151
MGNT,1,20161213,142700,10540.0000000,10540.0000000,10535.0000000,10539.0000000,277
MGNT,1,20161213,142800,10540.0000000,10540.0000000,10528.0000000,10528.0000000,420
MGNT,1,20161213,142900,10529.0000000,10529.0000000,10529.0000000,10529.0000000,7
MGNT,1,20161213,143000,10533.0000000,10535.0000000,10525.0000000,10525.0000000,299
MGNT,1,20161213,143100,10525.0000000,10535.0000000,10522.0000000,10534.0000000,898
MGNT,1,20161213,143200,10531.0000000,10535.0000000,10531.0000000,10535.0000000,180
MGNT,1,20161213,143300,10534.0000000,10535.0000000,10534.0000000,10535.0000000,80
MGNT,1,20161213,143400,10535.0000000,10535.0000000,10530.0000000,10530.0000000,406
MGNT,1,20161213,143500,10535.0000000,10535.0000000,10530.0000000,10534.0000000,259
MGNT,1,20161213,143600,10534.0000000,10535.0000000,10529.0000000,10533.0000000,193
MGNT,1,20161213,143700,10533.0000000,10535.0000000,10532.0000000,10535.0000000,503
MGNT,1,20161213,143800,10535.0000000,10535.0000000,10535.0000000,10535.0000000,20
MGNT,1,20161213,143900,10533.0000000,10533.0000000,10531.0000000,10531.0000000,75
MGNT,1,20161213,144000,10533.0000000,10535.0000000,10528.0000000,10535.0000000,379
MGNT,1,20161213,144100,10535.0000000,10535.0000000,10529.0000000,10529.0000000,37
MGNT,1,20161213,144200,10530.0000000,10539.0000000,10530.0000000,10539.0000000,231
MGNT,1,20161213,144300,10539.0000000,10540.0000000,10534.0000000,10540.0000000,381
MGNT,1,20161213,144500,10539.0000000,10539.0000000,10532.0000000,10532.0000000,98
MGNT,1,20161213,144600,10538.0000000,10540.0000000,10533.0000000,10533.0000000,125
MGNT,1,20161213,144700,10533.0000000,10535.0000000,10533.0000000,10533.0000000,41
MGNT,1,20161213,144800,10533.0000000,10533.0000000,10524.0000000,10524.0000000,407
MGNT,1,20161213,144900,10527.0000000,10528.0000000,10520.0000000,10521.0000000,896
MGNT,1,20161213,145000,10521.0000000,10522.0000000,10520.0000000,10520.0000000,46
MGNT,1,20161213,145100,10520.0000000,10525.0000000,10520.0000000,10525.0000000,11
MGNT,1,20161213,145200,10525.0000000,10525.0000000,10525.0000000,10525.0000000,116
MGNT,1,20161213,145300,10525.0000000,10526.0000000,10521.0000000,10526.0000000,404
MGNT,1,20161213,145400,10526.0000000,10530.0000000,10522.0000000,10522.0000000,218
MGNT,1,20161213,145500,10526.0000000,10530.0000000,10522.0000000,10530.0000000,184
MGNT,1,20161213,145600,10530.0000000,10540.0000000,10526.0000000,10540.0000000,1220
MGNT,1,20161213,145700,10539.0000000,10542.0000000,10534.0000000,10542.0000000,737
MGNT,1,20161213,145800,10542.0000000,10550.0000000,10540.0000000,10540.0000000,3538
MGNT,1,20161213,145900,10537.0000000,10539.0000000,10530.0000000,10535.0000000,302
MGNT,1,20161213,150000,10536.0000000,10539.0000000,10531.0000000,10532.0000000,391
MGNT,1,20161213,150100,10534.0000000,10539.0000000,10532.0000000,10532.0000000,209
MGNT,1,20161213,150200,10538.0000000,10538.0000000,10532.0000000,10536.0000000,193
MGNT,1,20161213,150300,10536.0000000,10536.0000000,10528.0000000,10529.0000000,207
MGNT,1,20161213,150400,10529.0000000,10532.0000000,10525.0000000,10525.0000000,283
MGNT,1,20161213,150500,10525.0000000,10535.0000000,10525.0000000,10535.0000000,331
MGNT,1,20161213,150600,10532.0000000,10532.0000000,10520.0000000,10526.0000000,337
MGNT,1,20161213,150700,10525.0000000,10536.0000000,10524.0000000,10536.0000000,564
MGNT,1,20161213,150800,10530.0000000,10530.0000000,10530.0000000,10530.0000000,10
MGNT,1,20161213,150900,10530.0000000,10535.0000000,10524.0000000,10535.0000000,271
MGNT,1,20161213,151000,10536.0000000,10540.0000000,10527.0000000,10527.0000000,368
MGNT,1,20161213,151100,10529.0000000,10530.0000000,10527.0000000,10527.0000000,67
MGNT,1,20161213,151200,10527.0000000,10527.0000000,10523.0000000,10523.0000000,32
MGNT,1,20161213,151300,10526.0000000,10538.0000000,10526.0000000,10538.0000000,2078
MGNT,1,20161213,151400,10535.0000000,10535.0000000,10535.0000000,10535.0000000,70
MGNT,1,20161213,151500,10539.0000000,10544.0000000,10539.0000000,10544.0000000,459
MGNT,1,20161213,151600,10543.0000000,10544.0000000,10543.0000000,10544.0000000,244
MGNT,1,20161213,151700,10544.0000000,10545.0000000,10533.0000000,10533.0000000,397
MGNT,1,20161213,151800,10535.0000000,10545.0000000,10535.0000000,10545.0000000,211
MGNT,1,20161213,151900,10545.0000000,10547.0000000,10545.0000000,10547.0000000,143
MGNT,1,20161213,152000,10543.0000000,10545.0000000,10539.0000000,10539.0000000,81
MGNT,1,20161213,152100,10545.0000000,10547.0000000,10545.0000000,10547.0000000,77
MGNT,1,20161213,152200,10545.0000000,10547.0000000,10540.0000000,10540.0000000,150
MGNT,1,20161213,152300,10547.0000000,10547.0000000,10546.0000000,10547.0000000,168
MGNT,1,20161213,152400,10546.0000000,10547.0000000,10542.0000000,10547.0000000,185
MGNT,1,20161213,152500,10547.0000000,10550.0000000,10545.0000000,10545.0000000,865
MGNT,1,20161213,152600,10545.0000000,10550.0000000,10545.0000000,10550.0000000,103
MGNT,1,20161213,152800,10549.0000000,10550.0000000,10548.0000000,10550.0000000,327
MGNT,1,20161213,152900,10546.0000000,10548.0000000,10546.0000000,10546.0000000,16
MGNT,1,20161213,153000,10546.0000000,10550.0000000,10546.0000000,10550.0000000,133
MGNT,1,20161213,153100,10550.0000000,10550.0000000,10549.0000000,10549.0000000,744
MGNT,1,20161213,153200,10549.0000000,10550.0000000,10549.0000000,10550.0000000,52
MGNT,1,20161213,153300,10550.0000000,10550.0000000,10550.0000000,10550.0000000,438
MGNT,1,20161213,153400,10549.0000000,10550.0000000,10549.0000000,10550.0000000,226
MGNT,1,20161213,153500,10550.0000000,10550.0000000,10546.0000000,10546.0000000,57
MGNT,1,20161213,153600,10546.0000000,10549.0000000,10546.0000000,10547.0000000,10
MGNT,1,20161213,153700,10549.0000000,10550.0000000,10549.0000000,10550.0000000,448
MGNT,1,20161213,153800,10546.0000000,10546.0000000,10546.0000000,10546.0000000,1
MGNT,1,20161213,153900,10549.0000000,10550.0000000,10549.0000000,10549.0000000,620
MGNT,1,20161213,154000,10550.0000000,10550.0000000,10550.0000000,10550.0000000,614
MGNT,1,20161213,154100,10550.0000000,10550.0000000,10550.0000000,10550.0000000,152
MGNT,1,20161213,154200,10549.0000000,10550.0000000,10544.0000000,10550.0000000,302
MGNT,1,20161213,154300,10549.0000000,10550.0000000,10549.0000000,10550.0000000,293
MGNT,1,20161213,154400,10550.0000000,10550.0000000,10544.0000000,10544.0000000,10
MGNT,1,20161213,154500,10547.0000000,10550.0000000,10545.0000000,10545.0000000,62
MGNT,1,20161213,154600,10549.0000000,10550.0000000,10549.0000000,10550.0000000,196
MGNT,1,20161213,154700,10550.0000000,10550.0000000,10544.0000000,10550.0000000,181
MGNT,1,20161213,154800,10544.0000000,10544.0000000,10544.0000000,10544.0000000,8
MGNT,1,20161213,154900,10549.0000000,10550.0000000,10549.0000000,10550.0000000,146
MGNT,1,20161213,155000,10545.0000000,10545.0000000,10541.0000000,10541.0000000,132
MGNT,1,20161213,155100,10546.0000000,10555.0000000,10546.0000000,10555.0000000,810
MGNT,1,20161213,155200,10555.0000000,10555.0000000,10552.0000000,10552.0000000,476
MGNT,1,20161213,155300,10552.0000000,10552.0000000,10549.0000000,10549.0000000,63
MGNT,1,20161213,155400,10550.0000000,10550.0000000,10550.0000000,10550.0000000,18
MGNT,1,20161213,155500,10554.0000000,10555.0000000,10549.0000000,10549.0000000,162
MGNT,1,20161213,155700,10549.0000000,10549.0000000,10549.0000000,10549.0000000,105
MGNT,1,20161213,155800,10553.0000000,10553.0000000,10540.0000000,10544.0000000,365
MGNT,1,20161213,160000,10546.0000000,10552.0000000,10544.0000000,10544.0000000,222
MGNT,1,20161213,160200,10544.0000000,10546.0000000,10542.0000000,10546.0000000,126
MGNT,1,20161213,160300,10542.0000000,10542.0000000,10541.0000000,10541.0000000,140
MGNT,1,20161213,160400,10540.0000000,10540.0000000,10535.0000000,10540.0000000,153
MGNT,1,20161213,160500,10535.0000000,10535.0000000,10529.0000000,10529.0000000,308
MGNT,1,20161213,160600,10529.0000000,10535.0000000,10529.0000000,10535.0000000,79
MGNT,1,20161213,160700,10539.0000000,10543.0000000,10539.0000000,10543.0000000,159
MGNT,1,20161213,160800,10543.0000000,10543.0000000,10543.0000000,10543.0000000,36
MGNT,1,20161213,160900,10539.0000000,10544.0000000,10536.0000000,10544.0000000,76
MGNT,1,20161213,161000,10544.0000000,10549.0000000,10543.0000000,10549.0000000,66
MGNT,1,20161213,161100,10550.0000000,10550.0000000,10549.0000000,10549.0000000,83
MGNT,1,20161213,161200,10548.0000000,10550.0000000,10548.0000000,10550.0000000,31
MGNT,1,20161213,161300,10545.0000000,10545.0000000,10545.0000000,10545.0000000,1
MGNT,1,20161213,161400,10546.0000000,10555.0000000,10545.0000000,10552.0000000,715
MGNT,1,20161213,161500,10552.0000000,10555.0000000,10537.0000000,10546.0000000,285
MGNT,1,20161213,161600,10537.0000000,10551.0000000,10534.0000000,10543.0000000,404
MGNT,1,20161213,161700,10549.0000000,10555.0000000,10547.0000000,10555.0000000,140
MGNT,1,20161213,161800,10549.0000000,10553.0000000,10536.0000000,10536.0000000,189
MGNT,1,20161213,162000,10545.0000000,10550.0000000,10543.0000000,10550.0000000,126
MGNT,1,20161213,162100,10550.0000000,10550.0000000,10545.0000000,10545.0000000,88
MGNT,1,20161213,162200,10553.0000000,10555.0000000,10553.0000000,10555.0000000,589
MGNT,1,20161213,162300,10555.0000000,10567.0000000,10555.0000000,10567.0000000,912
MGNT,1,20161213,162400,10563.0000000,10571.0000000,10563.0000000,10571.0000000,241
MGNT,1,20161213,162500,10566.0000000,10566.0000000,10562.0000000,10562.0000000,136
MGNT,1,20161213,162600,10564.0000000,10564.0000000,10564.0000000,10564.0000000,1
MGNT,1,20161213,162700,10565.0000000,10579.0000000,10563.0000000,10579.0000000,603
MGNT,1,20161213,162800,10580.0000000,10580.0000000,10578.0000000,10580.0000000,644
MGNT,1,20161213,162900,10580.0000000,10583.0000000,10572.0000000,10575.0000000,139
MGNT,1,20161213,163000,10575.0000000,10587.0000000,10575.0000000,10585.0000000,277
MGNT,1,20161213,163100,10585.0000000,10594.0000000,10584.0000000,10594.0000000,534
MGNT,1,20161213,163200,10594.0000000,10597.0000000,10587.0000000,10595.0000000,469
MGNT,1,20161213,163300,10596.0000000,10633.0000000,10596.0000000,10627.0000000,4032
MGNT,1,20161213,163400,10630.0000000,10639.0000000,10630.0000000,10639.0000000,196
MGNT,1,20161213,163500,10633.0000000,10640.0000000,10633.0000000,10637.0000000,73
MGNT,1,20161213,163600,10637.0000000,10638.0000000,10626.0000000,10626.0000000,299
MGNT,1,20161213,163700,10626.0000000,10640.0000000,10626.0000000,10637.0000000,169
MGNT,1,20161213,163800,10633.0000000,10643.0000000,10632.0000000,10643.0000000,240
MGNT,1,20161213,163900,10642.0000000,10650.0000000,10638.0000000,10649.0000000,952
MGNT,1,20161213,164000,10649.0000000,10649.0000000,10645.0000000,10645.0000000,116
MGNT,1,20161213,164100,10645.0000000,10648.0000000,10645.0000000,10646.0000000,43
MGNT,1,20161213,164200,10646.0000000,10650.0000000,10613.0000000,10647.0000000,1030
MGNT,1,20161213,164300,10643.0000000,10645.0000000,10637.0000000,10645.0000000,157
MGNT,1,20161213,164400,10645.0000000,10645.0000000,10639.0000000,10639.0000000,15
MGNT,1,20161213,164500,10642.0000000,10650.0000000,10642.0000000,10642.0000000,156
MGNT,1,20161213,164600,10642.0000000,10650.0000000,10637.0000000,10644.0000000,556
MGNT,1,20161213,164700,10650.0000000,10650.0000000,10638.0000000,10638.0000000,104
MGNT,1,20161213,164800,10647.0000000,10647.0000000,10626.0000000,10626.0000000,82
MGNT,1,20161213,164900,10630.0000000,10635.0000000,10625.0000000,10633.0000000,220
MGNT,1,20161213,165000,10633.0000000,10635.0000000,10627.0000000,10627.0000000,142
MGNT,1,20161213,165100,10630.0000000,10644.0000000,10630.0000000,10635.0000000,382
MGNT,1,20161213,165200,10640.0000000,10649.0000000,10632.0000000,10633.0000000,641
MGNT,1,20161213,165300,10633.0000000,10633.0000000,10622.0000000,10625.0000000,758
MGNT,1,20161213,165400,10622.0000000,10638.0000000,10618.0000000,10638.0000000,355
MGNT,1,20161213,165500,10630.0000000,10646.0000000,10630.0000000,10638.0000000,273
MGNT,1,20161213,165600,10644.0000000,10645.0000000,10635.0000000,10640.0000000,184
MGNT,1,20161213,165700,10642.0000000,10642.0000000,10636.0000000,10636.0000000,55
MGNT,1,20161213,165800,10642.0000000,10646.0000000,10638.0000000,10638.0000000,117
MGNT,1,20161213,165900,10644.0000000,10646.0000000,10640.0000000,10646.0000000,106
MGNT,1,20161213,170000,10638.0000000,10638.0000000,10625.0000000,10630.0000000,489
MGNT,1,20161213,170100,10630.0000000,10650.0000000,10627.0000000,10650.0000000,724
MGNT,1,20161213,170200,10650.0000000,10650.0000000,10642.0000000,10642.0000000,917
MGNT,1,20161213,170300,10642.0000000,10642.0000000,10639.0000000,10639.0000000,27
MGNT,1,20161213,170400,10645.0000000,10646.0000000,10645.0000000,10646.0000000,14
MGNT,1,20161213,170500,10641.0000000,10641.0000000,10635.0000000,10640.0000000,381
MGNT,1,20161213,170600,10646.0000000,10648.0000000,10636.0000000,10636.0000000,200
MGNT,1,20161213,170700,10636.0000000,10641.0000000,10635.0000000,10638.0000000,132
MGNT,1,20161213,170800,10638.0000000,10638.0000000,10631.0000000,10631.0000000,316
MGNT,1,20161213,170900,10632.0000000,10632.0000000,10621.0000000,10627.0000000,372
MGNT,1,20161213,171100,10627.0000000,10627.0000000,10626.0000000,10627.0000000,90
MGNT,1,20161213,171200,10623.0000000,10624.0000000,10616.0000000,10624.0000000,107
MGNT,1,20161213,171300,10618.0000000,10618.0000000,10615.0000000,10616.0000000,66
MGNT,1,20161213,171400,10615.0000000,10625.0000000,10615.0000000,10624.0000000,64
MGNT,1,20161213,171500,10617.0000000,10625.0000000,10616.0000000,10625.0000000,96
MGNT,1,20161213,171600,10628.0000000,10629.0000000,10623.0000000,10623.0000000,73
MGNT,1,20161213,171700,10615.0000000,10615.0000000,10607.0000000,10607.0000000,67
MGNT,1,20161213,171800,10606.0000000,10618.0000000,10601.0000000,10618.0000000,327
MGNT,1,20161213,171900,10610.0000000,10610.0000000,10606.0000000,10606.0000000,83
MGNT,1,20161213,172000,10607.0000000,10611.0000000,10606.0000000,10606.0000000,12
MGNT,1,20161213,172100,10606.0000000,10615.0000000,10606.0000000,10612.0000000,68
MGNT,1,20161213,172200,10618.0000000,10620.0000000,10613.0000000,10613.0000000,167
MGNT,1,20161213,172300,10614.0000000,10615.0000000,10610.0000000,10610.0000000,54
MGNT,1,20161213,172400,10613.0000000,10622.0000000,10613.0000000,10613.0000000,35
MGNT,1,20161213,172600,10613.0000000,10613.0000000,10611.0000000,10611.0000000,29
MGNT,1,20161213,172800,10618.0000000,10620.0000000,10603.0000000,10610.0000000,137
MGNT,1,20161213,172900,10610.0000000,10610.0000000,10610.0000000,10610.0000000,15
MGNT,1,20161213,173000,10612.0000000,10612.0000000,10605.0000000,10605.0000000,38
MGNT,1,20161213,173100,10606.0000000,10633.0000000,10606.0000000,10633.0000000,645
MGNT,1,20161213,173200,10632.0000000,10633.0000000,10631.0000000,10632.0000000,177
MGNT,1,20161213,173300,10624.0000000,10632.0000000,10619.0000000,10619.0000000,156
MGNT,1,20161213,173400,10620.0000000,10620.0000000,10609.0000000,10609.0000000,89
MGNT,1,20161213,173500,10613.0000000,10619.0000000,10613.0000000,10615.0000000,154
MGNT,1,20161213,173600,10616.0000000,10616.0000000,10616.0000000,10616.0000000,9
MGNT,1,20161213,173700,10619.0000000,10626.0000000,10607.0000000,10607.0000000,152
MGNT,1,20161213,173800,10606.0000000,10608.0000000,10601.0000000,10606.0000000,290
MGNT,1,20161213,173900,10603.0000000,10603.0000000,10603.0000000,10603.0000000,11
MGNT,1,20161213,174000,10606.0000000,10612.0000000,10602.0000000,10607.0000000,138
MGNT,1,20161213,174100,10607.0000000,10617.0000000,10607.0000000,10616.0000000,80
MGNT,1,20161213,174200,10614.0000000,10618.0000000,10614.0000000,10618.0000000,55
MGNT,1,20161213,174300,10619.0000000,10632.0000000,10619.0000000,10632.0000000,143
MGNT,1,20161213,174400,10632.0000000,10633.0000000,10626.0000000,10631.0000000,122
MGNT,1,20161213,174500,10631.0000000,10632.0000000,10621.0000000,10621.0000000,63
MGNT,1,20161213,174600,10618.0000000,10620.0000000,10608.0000000,10608.0000000,249
MGNT,1,20161213,174700,10608.0000000,10608.0000000,10602.0000000,10603.0000000,41
MGNT,1,20161213,174800,10603.0000000,10615.0000000,10602.0000000,10614.0000000,85
MGNT,1,20161213,174900,10604.0000000,10604.0000000,10603.0000000,10603.0000000,41
MGNT,1,20161213,175000,10609.0000000,10609.0000000,10594.0000000,10594.0000000,221
MGNT,1,20161213,175100,10592.0000000,10592.0000000,10572.0000000,10580.0000000,434
MGNT,1,20161213,175200,10579.0000000,10581.0000000,10579.0000000,10581.0000000,10
MGNT,1,20161213,175300,10582.0000000,10589.0000000,10582.0000000,10589.0000000,27
MGNT,1,20161213,175500,10591.0000000,10591.0000000,10591.0000000,10591.0000000,11
MGNT,1,20161213,175600,10594.0000000,10616.0000000,10594.0000000,10615.0000000,506
MGNT,1,20161213,175700,10615.0000000,10619.0000000,10607.0000000,10607.0000000,43
MGNT,1,20161213,175800,10606.0000000,10606.0000000,10596.0000000,10596.0000000,163
MGNT,1,20161213,175900,10596.0000000,10596.0000000,10596.0000000,10596.0000000,14
MGNT,1,20161213,180100,10597.0000000,10605.0000000,10597.0000000,10598.0000000,30
MGNT,1,20161213,180200,10597.0000000,10597.0000000,10590.0000000,10596.0000000,187
MGNT,1,20161213,180300,10590.0000000,10590.0000000,10590.0000000,10590.0000000,32
MGNT,1,20161213,180400,10590.0000000,10590.0000000,10590.0000000,10590.0000000,36
MGNT,1,20161213,180500,10591.0000000,10591.0000000,10591.0000000,10591.0000000,2
MGNT,1,20161213,180600,10599.0000000,10599.0000000,10592.0000000,10592.0000000,26
MGNT,1,20161213,180700,10596.0000000,10599.0000000,10596.0000000,10596.0000000,87
MGNT,1,20161213,180800,10599.0000000,10599.0000000,10592.0000000,10592.0000000,67
MGNT,1,20161213,180900,10598.0000000,10608.0000000,10582.0000000,10582.0000000,336
MGNT,1,20161213,181000,10581.0000000,10581.0000000,10580.0000000,10581.0000000,68
MGNT,1,20161213,181100,10581.0000000,10589.0000000,10580.0000000,10589.0000000,75
MGNT,1,20161213,181200,10582.0000000,10585.0000000,10571.0000000,10580.0000000,341
MGNT,1,20161213,181300,10580.0000000,10584.0000000,10572.0000000,10575.0000000,222
MGNT,1,20161213,181400,10575.0000000,10580.0000000,10571.0000000,10580.0000000,130
MGNT,1,20161213,181500,10573.0000000,10581.0000000,10570.0000000,10581.0000000,289
MGNT,1,20161213,181600,10579.0000000,10579.0000000,10569.0000000,10569.0000000,27
MGNT,1,20161213,181700,10569.0000000,10573.0000000,10565.0000000,10573.0000000,98
MGNT,1,20161213,181800,10576.0000000,10576.0000000,10563.0000000,10572.0000000,116
MGNT,1,20161213,181900,10565.0000000,10576.0000000,10565.0000000,10576.0000000,37
MGNT,1,20161213,182000,10576.0000000,10579.0000000,10568.0000000,10568.0000000,122
MGNT,1,20161213,182100,10573.0000000,10577.0000000,10570.0000000,10570.0000000,104
MGNT,1,20161213,182200,10570.0000000,10585.0000000,10565.0000000,10585.0000000,461
MGNT,1,20161213,182300,10581.0000000,10598.0000000,10581.0000000,10598.0000000,167
MGNT,1,20161213,182400,10599.0000000,10613.0000000,10592.0000000,10606.0000000,392
MGNT,1,20161213,182500,10615.0000000,10620.0000000,10609.0000000,10618.0000000,279
MGNT,1,20161213,182600,10618.0000000,10633.0000000,10614.0000000,10633.0000000,427
MGNT,1,20161213,182700,10635.0000000,10640.0000000,10631.0000000,10640.0000000,346
MGNT,1,20161213,182800,10640.0000000,10650.0000000,10638.0000000,10650.0000000,1378
MGNT,1,20161213,182900,10650.0000000,10650.0000000,10648.0000000,10649.0000000,625
MGNT,1,20161213,183000,10649.0000000,10649.0000000,10639.0000000,10644.0000000,677
MGNT,1,20161213,183100,10644.0000000,10644.0000000,10638.0000000,10638.0000000,532
MGNT,1,20161213,183200,10639.0000000,10649.0000000,10637.0000000,10645.0000000,180
MGNT,1,20161213,183300,10645.0000000,10648.0000000,10643.0000000,10648.0000000,253
MGNT,1,20161213,183400,10648.0000000,10649.0000000,10647.0000000,10648.0000000,349
MGNT,1,20161213,183500,10648.0000000,10650.0000000,10648.0000000,10649.0000000,355
MGNT,1,20161213,183600,10648.0000000,10650.0000000,10641.0000000,10647.0000000,624
MGNT,1,20161213,183700,10644.0000000,10648.0000000,10644.0000000,10646.0000000,377
MGNT,1,20161213,183800,10646.0000000,10654.0000000,10646.0000000,10651.0000000,2130
MGNT,1,20161213,183900,10653.0000000,10666.0000000,10617.0000000,10650.0000000,1529
MGNT,1,20161213,184000,10650.0000000,10656.0000000,10624.0000000,10656.0000000,678
MGNT,1,20161213,184600,10693.0000000,10693.0000000,10693.0000000,10693.0000000,2575
MGNT,1,20161213,184900,10693.0000000,10693.0000000,10693.0000000,10693.0000000,9
MGNT,1,20161213,185000,10693.0000000,10693.0000000,10693.0000000,10693.0000000,3
MGNT,1,20161214,100100,10657.0000000,10698.0000000,10657.0000000,10661.0000000,268
MGNT,1,20161214,100200,10667.0000000,10684.0000000,10660.0000000,10669.0000000,189
MGNT,1,20161214,100300,10669.0000000,10684.0000000,10669.0000000,10684.0000000,84
MGNT,1,20161214,100400,10683.0000000,10692.0000000,10678.0000000,10688.0000000,166
MGNT,1,20161214,100500,10688.0000000,10692.0000000,10679.0000000,10682.0000000,230
MGNT,1,20161214,100600,10680.0000000,10691.0000000,10665.0000000,10691.0000000,369
MGNT,1,20161214,100700,10686.0000000,10686.0000000,10672.0000000,10672.0000000,175
MGNT,1,20161214,100800,10668.0000000,10668.0000000,10663.0000000,10668.0000000,112
MGNT,1,20161214,100900,10670.0000000,10676.0000000,10658.0000000,10663.0000000,148
MGNT,1,20161214,101000,10659.0000000,10690.0000000,10659.0000000,10679.0000000,456
MGNT,1,20161214,101100,10688.0000000,10706.0000000,10680.0000000,10685.0000000,1010
MGNT,1,20161214,101200,10681.0000000,10687.0000000,10666.0000000,10670.0000000,179
MGNT,1,20161214,101300,10670.0000000,10685.0000000,10670.0000000,10682.0000000,96
MGNT,1,20161214,101400,10674.0000000,10689.0000000,10674.0000000,10689.0000000,215
MGNT,1,20161214,101500,10684.0000000,10688.0000000,10612.0000000,10634.0000000,796
MGNT,1,20161214,101600,10634.0000000,10640.0000000,10627.0000000,10627.0000000,136
MGNT,1,20161214,101700,10630.0000000,10637.0000000,10628.0000000,10636.0000000,22
MGNT,1,20161214,101800,10636.0000000,10640.0000000,10579.0000000,10582.0000000,785
MGNT,1,20161214,101900,10586.0000000,10594.0000000,10550.0000000,10565.0000000,750
MGNT,1,20161214,102000,10565.0000000,10579.0000000,10563.0000000,10570.0000000,297
MGNT,1,20161214,102100,10578.0000000,10579.0000000,10565.0000000,10565.0000000,326
MGNT,1,20161214,102200,10560.0000000,10570.0000000,10552.0000000,10562.0000000,168
MGNT,1,20161214,102300,10570.0000000,10579.0000000,10569.0000000,10569.0000000,156
MGNT,1,20161214,102400,10567.0000000,10573.0000000,10567.0000000,10573.0000000,139
MGNT,1,20161214,102500,10572.0000000,10582.0000000,10571.0000000,10578.0000000,359
MGNT,1,20161214,102600,10570.0000000,10580.0000000,10567.0000000,10580.0000000,79
MGNT,1,20161214,102700,10580.0000000,10582.0000000,10578.0000000,10580.0000000,136
MGNT,1,20161214,102800,10580.0000000,10586.0000000,10580.0000000,10586.0000000,86
MGNT,1,20161214,102900,10593.0000000,10600.0000000,10586.0000000,10586.0000000,96
MGNT,1,20161214,103000,10575.0000000,10583.0000000,10575.0000000,10583.0000000,5
MGNT,1,20161214,103100,10585.0000000,10590.0000000,10585.0000000,10590.0000000,35
MGNT,1,20161214,103300,10594.0000000,10618.0000000,10594.0000000,10617.0000000,108
MGNT,1,20161214,103400,10617.0000000,10620.0000000,10596.0000000,10613.0000000,111
MGNT,1,20161214,103500,10613.0000000,10621.0000000,10613.0000000,10618.0000000,294
MGNT,1,20161214,103600,10624.0000000,10625.0000000,10608.0000000,10608.0000000,65
MGNT,1,20161214,103700,10609.0000000,10631.0000000,10606.0000000,10613.0000000,197
MGNT,1,20161214,103800,10612.0000000,10613.0000000,10585.0000000,10594.0000000,349
MGNT,1,20161214,103900,10588.0000000,10600.0000000,10588.0000000,10600.0000000,50
MGNT,1,20161214,104000,10607.0000000,10608.0000000,10605.0000000,10607.0000000,61
MGNT,1,20161214,104100,10606.0000000,10606.0000000,10595.0000000,10595.0000000,21
MGNT,1,20161214,104200,10589.0000000,10603.0000000,10588.0000000,10603.0000000,57
MGNT,1,20161214,104300,10602.0000000,10606.0000000,10602.0000000,10605.0000000,14
MGNT,1,20161214,104400,10604.0000000,10604.0000000,10595.0000000,10595.0000000,22
MGNT,1,20161214,104600,10600.0000000,10600.0000000,10591.0000000,10600.0000000,24
MGNT,1,20161214,104700,10600.0000000,10608.0000000,10600.0000000,10608.0000000,20
MGNT,1,20161214,104900,10612.0000000,10615.0000000,10612.0000000,10615.0000000,75
