MOEX,1,20161213,100100,125.1000000,125.2000000,125.0400000,125.2000000,22600
MOEX,1,20161213,100200,125.2000000,125.2000000,125.1000000,125.1600000,20780
MOEX,1,20161213,100300,125.1500000,125.1500000,125.0100000,125.0500000,11000
MOEX,1,20161213,100400,125.0300000,125.0300000,124.4000000,124.4000000,26970
MOEX,1,20161213,100500,124.4800000,124.6100000,124.4800000,124.5200000,3800
MOEX,1,20161213,100600,124.5100000,124.5800000,124.2100000,124.4300000,17950
MOEX,1,20161213,100700,124.2500000,124.3700000,124.1000000,124.2500000,21850
MOEX,1,20161213,100800,124.3800000,124.3800000,124.0400000,124.0600000,7330
MOEX,1,20161213,100900,124.1600000,124.1600000,123.8000000,123.9900000,102520
MOEX,1,20161213,101000,123.9800000,124.1900000,123.8900000,124.1300000,46540
MOEX,1,20161213,101100,124.1200000,124.2000000,123.8900000,124.2000000,366120
MOEX,1,20161213,101200,124.1900000,124.3500000,124.1600000,124.2200000,11930
MOEX,1,20161213,101300,124.2200000,124.2500000,124.1700000,124.2500000,22630
MOEX,1,20161213,101400,124.2400000,124.4900000,124.2400000,124.4800000,12650
MOEX,1,20161213,101500,124.4000000,124.7500000,124.3400000,124.7200000,21270
MOEX,1,20161213,101600,124.7000000,124.7800000,124.6600000,124.7800000,5760
MOEX,1,20161213,101700,124.7700000,124.8700000,124.7700000,124.7800000,2350
MOEX,1,20161213,101800,124.7900000,124.7900000,124.6700000,124.7000000,12320
MOEX,1,20161213,101900,124.6800000,124.7000000,124.6700000,124.6900000,470
MOEX,1,20161213,102000,124.7000000,124.7000000,124.6900000,124.7000000,7120
MOEX,1,20161213,102100,124.6900000,124.7000000,124.5700000,124.6500000,22070
MOEX,1,20161213,102200,124.6200000,124.7000000,124.5100000,124.5900000,7940
MOEX,1,20161213,102300,124.6000000,124.7000000,124.6000000,124.6700000,4770
MOEX,1,20161213,102400,124.6100000,124.7000000,124.6000000,124.7000000,4040
MOEX,1,20161213,102500,124.6600000,124.6900000,124.6600000,124.6900000,2660
MOEX,1,20161213,102600,124.6100000,124.7000000,124.5600000,124.6700000,17720
MOEX,1,20161213,102700,124.6700000,124.6700000,124.6000000,124.6100000,1820
MOEX,1,20161213,102800,124.6100000,124.6300000,124.6000000,124.6000000,2190
MOEX,1,20161213,102900,124.6100000,124.7000000,124.5800000,124.7000000,15670
MOEX,1,20161213,103000,124.6900000,124.7000000,124.6100000,124.6300000,8090
MOEX,1,20161213,103100,124.6400000,124.7000000,124.6300000,124.7000000,5430
MOEX,1,20161213,103200,124.7000000,124.7000000,124.6000000,124.6500000,10180
MOEX,1,20161213,103300,124.6800000,124.6800000,124.6500000,124.6800000,3030
MOEX,1,20161213,103400,124.6100000,124.6900000,124.6000000,124.6800000,1920
MOEX,1,20161213,103500,124.6900000,124.7500000,124.6900000,124.7500000,6310
MOEX,1,20161213,103600,124.7600000,124.9000000,124.7300000,124.9000000,15050
MOEX,1,20161213,103700,124.9000000,124.9000000,124.8600000,124.8600000,5380
MOEX,1,20161213,103800,124.8600000,124.8900000,124.8300000,124.8600000,6990
MOEX,1,20161213,103900,124.8600000,124.9000000,124.8300000,124.8400000,21980
MOEX,1,20161213,104000,124.8900000,124.9000000,124.8000000,124.8400000,13700
MOEX,1,20161213,104100,124.8000000,124.8400000,124.6000000,124.8000000,58370
MOEX,1,20161213,104200,124.6900000,124.8000000,124.6900000,124.8000000,3060
MOEX,1,20161213,104300,124.7600000,124.7600000,124.7100000,124.7200000,10800
MOEX,1,20161213,104400,124.7000000,124.7200000,124.6300000,124.7000000,6880
MOEX,1,20161213,104500,124.7000000,124.7200000,124.6300000,124.7200000,4460
MOEX,1,20161213,104600,124.7100000,124.9000000,124.5900000,124.8900000,146760
MOEX,1,20161213,104700,124.9000000,124.9000000,124.7300000,124.8900000,12430
MOEX,1,20161213,104800,124.8900000,124.9200000,124.8600000,124.9100000,33990
MOEX,1,20161213,104900,124.9200000,124.9200000,124.8700000,124.9000000,4150
MOEX,1,20161213,105000,124.9100000,124.9400000,124.9100000,124.9400000,10040
MOEX,1,20161213,105100,124.9400000,124.9400000,124.9100000,124.9400000,3030
MOEX,1,20161213,105200,124.9200000,124.9400000,124.9200000,124.9400000,3840
MOEX,1,20161213,105300,124.9400000,124.9800000,124.9200000,124.9700000,21700
MOEX,1,20161213,105400,124.9700000,125.0000000,124.9700000,124.9700000,36190
MOEX,1,20161213,105500,125.0000000,125.0000000,124.9900000,125.0000000,13100
MOEX,1,20161213,105600,125.0000000,125.0000000,124.9700000,124.9900000,69510
MOEX,1,20161213,105700,124.9700000,125.0000000,124.8300000,124.9900000,83380
MOEX,1,20161213,105800,124.9900000,125.2000000,124.9500000,125.2000000,56300
MOEX,1,20161213,105900,125.2000000,125.4500000,125.2000000,125.4500000,148990
MOEX,1,20161213,110000,125.4500000,126.0000000,125.4400000,126.0000000,148570
MOEX,1,20161213,110100,126.0000000,126.2000000,126.0000000,126.1400000,40370
MOEX,1,20161213,110200,126.1300000,126.2500000,126.1300000,126.2500000,16250
MOEX,1,20161213,110300,126.2400000,126.2900000,126.2300000,126.2900000,10800
MOEX,1,20161213,110400,126.2900000,126.6700000,126.2300000,126.5500000,104670
MOEX,1,20161213,110500,126.5500000,126.6200000,126.5400000,126.6000000,9650
MOEX,1,20161213,110600,126.5700000,126.6300000,126.5500000,126.6300000,14970
MOEX,1,20161213,110700,126.6300000,126.7700000,126.5900000,126.7700000,24240
MOEX,1,20161213,110800,126.7700000,127.6600000,126.7600000,127.5200000,274850
MOEX,1,20161213,110900,127.5200000,127.5500000,127.2000000,127.2500000,23490
MOEX,1,20161213,111000,127.2400000,127.8900000,127.1900000,127.8700000,78940
MOEX,1,20161213,111100,127.8700000,127.9000000,127.3800000,127.3800000,33010
MOEX,1,20161213,111200,127.4000000,127.4000000,127.2800000,127.3900000,26780
MOEX,1,20161213,111300,127.3900000,127.4800000,127.2800000,127.3000000,48240
MOEX,1,20161213,111400,127.2900000,127.4500000,127.2800000,127.3100000,24090
MOEX,1,20161213,111500,127.3100000,127.3900000,127.3000000,127.3900000,7430
MOEX,1,20161213,111600,127.4000000,127.6500000,127.3900000,127.6500000,32170
MOEX,1,20161213,111700,127.6400000,127.6500000,127.6100000,127.6500000,8560
MOEX,1,20161213,111800,127.6100000,127.6500000,127.5000000,127.5100000,24410
MOEX,1,20161213,111900,127.5000000,127.6300000,127.4000000,127.4800000,24730
MOEX,1,20161213,112000,127.4400000,127.5000000,127.4200000,127.4200000,10860
MOEX,1,20161213,112100,127.4200000,127.4800000,127.3100000,127.3900000,18840
MOEX,1,20161213,112200,127.4000000,127.4900000,127.3500000,127.3800000,51230
MOEX,1,20161213,112300,127.3600000,127.4000000,127.3400000,127.3900000,13790
MOEX,1,20161213,112400,127.3600000,127.4000000,127.3400000,127.3800000,7420
MOEX,1,20161213,112500,127.3800000,127.3900000,127.3500000,127.3600000,7720
MOEX,1,20161213,112600,127.3700000,127.3900000,127.3400000,127.3800000,5510
MOEX,1,20161213,112700,127.3800000,127.3800000,127.2000000,127.2700000,45460
MOEX,1,20161213,112800,127.2800000,127.3100000,127.2000000,127.3100000,13970
MOEX,1,20161213,112900,127.3300000,127.3800000,127.3000000,127.3800000,12530
MOEX,1,20161213,113000,127.3500000,127.5000000,127.2500000,127.4800000,49750
MOEX,1,20161213,113100,127.5000000,127.6500000,127.3700000,127.5500000,46680
MOEX,1,20161213,113200,127.5500000,127.6900000,127.5200000,127.6000000,27390
MOEX,1,20161213,113300,127.5800000,127.6000000,127.5200000,127.5900000,9980
MOEX,1,20161213,113400,127.5900000,127.6000000,127.5000000,127.5900000,39620
MOEX,1,20161213,113500,127.6000000,127.6000000,127.5600000,127.5700000,4430
MOEX,1,20161213,113600,127.6000000,127.8000000,127.5600000,127.7400000,28940
MOEX,1,20161213,113700,127.7700000,128.4700000,127.7700000,128.3600000,230710
MOEX,1,20161213,113800,128.3200000,128.7500000,128.2200000,128.7100000,411700
MOEX,1,20161213,113900,128.7000000,128.7500000,128.7000000,128.7000000,49830
MOEX,1,20161213,114000,128.7100000,128.7300000,128.7000000,128.7100000,17910
MOEX,1,20161213,114100,128.7200000,129.2000000,128.7100000,129.2000000,383970
MOEX,1,20161213,114200,129.1200000,129.2700000,128.9000000,128.9000000,73760
MOEX,1,20161213,114300,128.9000000,129.0000000,128.8400000,128.8400000,29430
MOEX,1,20161213,114400,128.8500000,128.8900000,128.3500000,128.5200000,57180
MOEX,1,20161213,114500,128.5300000,128.7800000,128.3800000,128.7700000,35540
MOEX,1,20161213,114600,128.7800000,128.7800000,128.5100000,128.6700000,14330
MOEX,1,20161213,114700,128.6700000,129.1000000,128.6400000,129.0800000,44860
MOEX,1,20161213,114800,129.0800000,129.1700000,129.0000000,129.0800000,40080
MOEX,1,20161213,114900,129.0600000,129.0700000,128.7300000,128.7400000,21780
MOEX,1,20161213,115000,128.7300000,128.9000000,128.7200000,128.8500000,35170
MOEX,1,20161213,115100,128.7700000,128.8300000,128.5400000,128.5500000,13480
MOEX,1,20161213,115200,128.5400000,128.6000000,128.3000000,128.3200000,23100
MOEX,1,20161213,115300,128.3200000,128.3200000,128.0100000,128.2900000,126980
MOEX,1,20161213,115400,128.2800000,128.4100000,128.1000000,128.1900000,27310
MOEX,1,20161213,115500,128.1700000,128.2200000,128.0000000,128.0500000,95600
MOEX,1,20161213,115600,128.0400000,128.1000000,128.0000000,128.0900000,32890
MOEX,1,20161213,115700,128.1000000,128.2700000,128.0900000,128.2500000,58150
MOEX,1,20161213,115800,128.2600000,128.3800000,128.2600000,128.2900000,23150
MOEX,1,20161213,115900,128.2700000,128.3000000,128.0800000,128.1600000,19070
MOEX,1,20161213,120000,128.1600000,128.2300000,128.0000000,128.0800000,24680
MOEX,1,20161213,120100,128.0800000,128.0800000,128.0000000,128.0000000,67950
MOEX,1,20161213,120200,128.0000000,128.0400000,127.5000000,127.5700000,61210
MOEX,1,20161213,120300,127.5800000,127.6600000,127.5600000,127.6200000,2170
MOEX,1,20161213,120400,127.6600000,127.8000000,127.6000000,127.7300000,8850
MOEX,1,20161213,120500,127.8000000,127.9000000,127.7500000,127.8000000,62130
MOEX,1,20161213,120600,127.8000000,127.9000000,127.8000000,127.8400000,7440
MOEX,1,20161213,120700,127.8400000,128.0000000,127.8000000,127.9900000,30400
MOEX,1,20161213,120800,127.9900000,128.0000000,127.8000000,127.9300000,33400
MOEX,1,20161213,120900,127.8400000,128.0500000,127.8400000,128.0500000,21080
MOEX,1,20161213,121000,128.0500000,128.0500000,127.8000000,127.8200000,15980
MOEX,1,20161213,121100,127.8300000,127.8900000,127.8000000,127.8100000,14740
MOEX,1,20161213,121200,127.8800000,128.0000000,127.8400000,127.8800000,15250
MOEX,1,20161213,121300,127.8900000,127.9700000,127.8000000,127.8800000,20500
MOEX,1,20161213,121400,127.8800000,127.9800000,127.8600000,127.9700000,17070
MOEX,1,20161213,121500,127.9500000,127.9700000,127.8000000,127.8000000,13380
MOEX,1,20161213,121600,127.8000000,127.8100000,127.8000000,127.8100000,26450
MOEX,1,20161213,121700,127.8100000,127.8100000,127.6100000,127.6300000,21020
MOEX,1,20161213,121800,127.6700000,127.6700000,127.5000000,127.5000000,75460
MOEX,1,20161213,121900,127.5000000,127.5200000,127.5000000,127.5200000,34430
MOEX,1,20161213,122000,127.5000000,127.7300000,127.5000000,127.7300000,21760
MOEX,1,20161213,122100,127.7300000,127.8900000,127.7200000,127.7200000,10150
MOEX,1,20161213,122200,127.6800000,127.7200000,127.5500000,127.5500000,18740
MOEX,1,20161213,122300,127.5500000,127.5500000,127.0000000,127.1500000,164580
MOEX,1,20161213,122400,127.1900000,127.6200000,127.1600000,127.6200000,49840
MOEX,1,20161213,122500,127.5600000,127.7000000,127.5000000,127.5900000,15900
MOEX,1,20161213,122600,127.5900000,127.6000000,127.5100000,127.6000000,13360
MOEX,1,20161213,122700,127.5600000,127.6800000,127.5000000,127.5500000,17370
MOEX,1,20161213,122800,127.5500000,127.5900000,127.5300000,127.5800000,7350
MOEX,1,20161213,122900,127.5900000,127.6700000,127.5400000,127.6500000,15230
MOEX,1,20161213,123000,127.6500000,127.6800000,127.5400000,127.5900000,10220
MOEX,1,20161213,123100,127.5900000,127.5900000,127.5000000,127.5100000,34430
MOEX,1,20161213,123200,127.5400000,127.6500000,127.5100000,127.6300000,17490
MOEX,1,20161213,123300,127.6400000,127.6400000,127.5700000,127.5700000,7540
MOEX,1,20161213,123400,127.5700000,127.6100000,127.5000000,127.5000000,61780
MOEX,1,20161213,123500,127.5200000,127.5600000,127.5000000,127.5000000,25350
MOEX,1,20161213,123600,127.5100000,127.5800000,127.5100000,127.5500000,7130
MOEX,1,20161213,123700,127.5900000,127.6400000,127.5900000,127.6400000,5160
MOEX,1,20161213,123800,127.6400000,127.7800000,127.5900000,127.6600000,47260
MOEX,1,20161213,123900,127.6900000,127.9000000,127.6800000,127.7900000,6960
MOEX,1,20161213,124000,127.8000000,127.9800000,127.7900000,127.9000000,45040
MOEX,1,20161213,124100,127.9500000,127.9700000,127.9200000,127.9700000,5140
MOEX,1,20161213,124200,127.9700000,128.0000000,127.9300000,127.9300000,35770
MOEX,1,20161213,124300,127.8100000,127.8500000,127.6000000,127.8200000,13100
MOEX,1,20161213,124400,127.8400000,127.8400000,127.6300000,127.7200000,10590
MOEX,1,20161213,124500,127.7200000,127.8700000,127.7200000,127.8600000,4070
MOEX,1,20161213,124600,127.8800000,127.9600000,127.7400000,127.9600000,20480
MOEX,1,20161213,124700,127.9300000,128.0000000,127.7400000,127.7400000,6540
MOEX,1,20161213,124800,127.7600000,127.8000000,127.7400000,127.7900000,2330
MOEX,1,20161213,124900,127.7900000,127.9000000,127.7800000,127.8000000,20380
MOEX,1,20161213,125000,127.8000000,127.8500000,127.8000000,127.8000000,7230
MOEX,1,20161213,125100,127.8000000,127.8300000,127.8000000,127.8000000,15420
MOEX,1,20161213,125200,127.8000000,127.8000000,127.6800000,127.7100000,15880
MOEX,1,20161213,125300,127.7100000,127.7400000,127.6000000,127.6000000,9880
MOEX,1,20161213,125400,127.6200000,127.6500000,127.6000000,127.6000000,14340
MOEX,1,20161213,125500,127.6100000,127.6300000,127.6100000,127.6300000,940
MOEX,1,20161213,125600,127.6100000,127.6100000,127.6000000,127.6000000,3390
MOEX,1,20161213,125700,127.6100000,127.6300000,127.6000000,127.6300000,2130
MOEX,1,20161213,125800,127.6000000,127.6300000,127.6000000,127.6300000,2060
MOEX,1,20161213,125900,127.6000000,127.6200000,127.6000000,127.6100000,11660
MOEX,1,20161213,130000,127.6100000,127.6900000,127.6000000,127.6600000,43780
MOEX,1,20161213,130100,127.6800000,127.6900000,127.6000000,127.6100000,19140
MOEX,1,20161213,130200,127.6400000,127.6400000,127.6000000,127.6000000,15370
MOEX,1,20161213,130300,127.6100000,127.6200000,127.6000000,127.6000000,5770
MOEX,1,20161213,130400,127.6100000,127.6300000,127.6000000,127.6300000,34950
MOEX,1,20161213,130500,127.6200000,127.7000000,127.6200000,127.6700000,14750
MOEX,1,20161213,130600,127.6400000,127.6400000,127.6100000,127.6100000,7520
MOEX,1,20161213,130700,127.6300000,127.6700000,127.6200000,127.6600000,960
MOEX,1,20161213,130800,127.6300000,127.6400000,127.6100000,127.6100000,5120
MOEX,1,20161213,130900,127.6400000,127.6500000,127.5700000,127.6100000,12970
MOEX,1,20161213,131000,127.6000000,127.6200000,127.5600000,127.6000000,3190
MOEX,1,20161213,131100,127.6000000,127.6200000,127.5500000,127.5700000,2420
MOEX,1,20161213,131200,127.5700000,127.5700000,127.5500000,127.5500000,1970
MOEX,1,20161213,131300,127.5600000,127.5800000,127.5000000,127.5000000,14650
MOEX,1,20161213,131400,127.5100000,127.5500000,127.5000000,127.5500000,2000
MOEX,1,20161213,131500,127.5500000,127.5600000,127.5000000,127.5000000,9330
MOEX,1,20161213,131600,127.5100000,127.5700000,127.5000000,127.5400000,14050
MOEX,1,20161213,131700,127.5100000,127.5100000,127.4000000,127.4000000,32020
MOEX,1,20161213,131800,127.4000000,127.4700000,127.4000000,127.4100000,1770
MOEX,1,20161213,131900,127.4100000,127.4400000,127.4100000,127.4400000,630
MOEX,1,20161213,132000,127.4500000,127.4500000,127.4200000,127.4200000,1210
MOEX,1,20161213,132100,127.4000000,127.4600000,127.2000000,127.2100000,61200
MOEX,1,20161213,132200,127.2100000,127.2600000,127.2000000,127.2100000,6370
MOEX,1,20161213,132300,127.2500000,127.4100000,127.2300000,127.3500000,14090
MOEX,1,20161213,132400,127.3600000,127.4100000,127.3000000,127.3900000,3790
MOEX,1,20161213,132500,127.3900000,127.4200000,127.2500000,127.2500000,5230
MOEX,1,20161213,132600,127.2300000,127.2400000,127.2000000,127.2000000,5630
MOEX,1,20161213,132700,127.2400000,127.2400000,127.2100000,127.2200000,50
MOEX,1,20161213,132800,127.2500000,127.2500000,127.2300000,127.2300000,340
MOEX,1,20161213,132900,127.2500000,127.2600000,127.2200000,127.2600000,470
MOEX,1,20161213,133000,127.2700000,127.2700000,127.2500000,127.2700000,1640
MOEX,1,20161213,133100,127.2800000,127.3500000,127.2600000,127.3500000,17590
MOEX,1,20161213,133200,127.3500000,127.3600000,127.3300000,127.3600000,1040
MOEX,1,20161213,133300,127.3700000,127.4900000,127.3700000,127.4900000,8180
MOEX,1,20161213,133400,127.4900000,127.5900000,127.4700000,127.5500000,10510
MOEX,1,20161213,133500,127.5900000,127.6000000,127.5000000,127.5100000,31440
MOEX,1,20161213,133600,127.5000000,127.5100000,127.5000000,127.5100000,11560
MOEX,1,20161213,133700,127.5000000,127.5100000,127.4200000,127.4600000,20960
MOEX,1,20161213,133800,127.4600000,127.4900000,127.4000000,127.4000000,12470
MOEX,1,20161213,133900,127.4300000,127.5100000,127.4200000,127.5000000,9210
MOEX,1,20161213,134000,127.5300000,127.5300000,127.5000000,127.5000000,30820
MOEX,1,20161213,134100,127.5100000,127.5200000,127.5000000,127.5000000,5790
MOEX,1,20161213,134200,127.5100000,127.5700000,127.5000000,127.5200000,5810
MOEX,1,20161213,134300,127.5200000,127.5400000,127.5000000,127.5000000,1720
MOEX,1,20161213,134400,127.5100000,127.5100000,127.2100000,127.2200000,24360
MOEX,1,20161213,134500,127.2500000,127.3600000,127.2200000,127.3500000,11680
MOEX,1,20161213,134600,127.3500000,127.3500000,127.2700000,127.3300000,2110
MOEX,1,20161213,134700,127.3300000,127.3300000,127.2600000,127.2600000,3430
MOEX,1,20161213,134800,127.2500000,127.2900000,127.2500000,127.2500000,400
MOEX,1,20161213,134900,127.2900000,127.3500000,127.2900000,127.3000000,2150
MOEX,1,20161213,135000,127.2900000,127.3200000,127.2700000,127.3200000,1160
MOEX,1,20161213,135100,127.2800000,127.2800000,127.2200000,127.2300000,6590
MOEX,1,20161213,135200,127.2200000,127.2300000,127.2200000,127.2200000,6370
MOEX,1,20161213,135300,127.2200000,127.2500000,127.2200000,127.2200000,10900
MOEX,1,20161213,135400,127.2400000,127.2700000,127.2200000,127.2700000,7410
MOEX,1,20161213,135500,127.2700000,127.2700000,127.2400000,127.2700000,2340
MOEX,1,20161213,135600,127.2500000,127.3100000,127.2400000,127.2400000,28240
MOEX,1,20161213,135700,127.2200000,127.2900000,127.2200000,127.2400000,10590
MOEX,1,20161213,135800,127.2800000,127.3200000,127.2500000,127.2900000,3170
MOEX,1,20161213,135900,127.2900000,127.3700000,127.2900000,127.3600000,5640
MOEX,1,20161213,140000,127.3600000,127.3900000,127.3600000,127.3800000,940
MOEX,1,20161213,140100,127.3800000,127.3800000,127.3700000,127.3700000,980
MOEX,1,20161213,140200,127.4100000,127.4100000,127.3800000,127.3900000,230
MOEX,1,20161213,140300,127.4100000,127.4400000,127.3800000,127.4400000,770
MOEX,1,20161213,140400,127.4400000,127.4400000,127.2900000,127.2900000,9140
MOEX,1,20161213,140500,127.2900000,127.2900000,127.2400000,127.2500000,1590
MOEX,1,20161213,140600,127.2800000,127.7300000,127.2700000,127.5800000,48900
MOEX,1,20161213,140700,127.6800000,127.9100000,127.5800000,127.8500000,14660
MOEX,1,20161213,140800,127.8500000,127.9500000,127.7900000,127.8400000,3570
MOEX,1,20161213,140900,127.8100000,127.9700000,127.5100000,127.5400000,27190
MOEX,1,20161213,141000,127.6300000,127.6300000,127.5000000,127.5000000,5230
MOEX,1,20161213,141100,127.5900000,127.7000000,127.5000000,127.5400000,4380
MOEX,1,20161213,141200,127.5100000,127.5100000,127.4300000,127.4300000,20850
MOEX,1,20161213,141300,127.4100000,127.4400000,127.4100000,127.4100000,1690
MOEX,1,20161213,141400,127.4300000,127.4400000,127.3700000,127.3700000,1800
MOEX,1,20161213,141500,127.3900000,127.3900000,127.3500000,127.3600000,2190
MOEX,1,20161213,141600,127.3500000,127.3500000,127.3000000,127.3500000,11000
MOEX,1,20161213,141700,127.3400000,127.3500000,127.3000000,127.3000000,20780
MOEX,1,20161213,141800,127.3000000,127.3400000,127.3000000,127.3400000,580
MOEX,1,20161213,141900,127.3500000,127.3900000,127.3300000,127.3400000,19790
MOEX,1,20161213,142000,127.3800000,127.4000000,127.3400000,127.3800000,2870
MOEX,1,20161213,142100,127.3900000,127.3900000,127.3000000,127.3100000,14290
MOEX,1,20161213,142200,127.3200000,127.4000000,127.3100000,127.3400000,5010
MOEX,1,20161213,142300,127.3900000,127.5000000,127.3300000,127.4400000,25130
MOEX,1,20161213,142400,127.4500000,127.5100000,127.3800000,127.5100000,8730
MOEX,1,20161213,142500,127.4600000,127.6500000,127.3200000,127.5900000,28040
MOEX,1,20161213,142600,127.4700000,127.6500000,127.4100000,127.5400000,6700
MOEX,1,20161213,142700,127.5100000,127.7900000,127.4300000,127.6200000,8500
MOEX,1,20161213,142800,127.6100000,127.7000000,127.5700000,127.6100000,1560
MOEX,1,20161213,142900,127.6100000,127.6900000,127.6100000,127.6900000,770
MOEX,1,20161213,143000,127.6500000,127.8200000,127.6500000,127.7400000,7510
MOEX,1,20161213,143100,127.7400000,127.8300000,127.6600000,127.7700000,12720
MOEX,1,20161213,143200,127.7700000,127.8200000,127.7600000,127.7700000,5530
MOEX,1,20161213,143300,127.8200000,127.8300000,127.7600000,127.8000000,5010
MOEX,1,20161213,143400,127.8000000,127.8000000,127.7400000,127.7500000,6920
MOEX,1,20161213,143500,127.7900000,127.7900000,127.7500000,127.7600000,2650
MOEX,1,20161213,143600,127.7700000,127.7700000,127.6000000,127.6300000,16960
MOEX,1,20161213,143700,127.6600000,127.7900000,127.6000000,127.7900000,8450
MOEX,1,20161213,143800,127.7800000,127.7900000,127.7800000,127.7800000,560
MOEX,1,20161213,143900,127.7600000,127.7800000,127.6900000,127.6900000,2750
MOEX,1,20161213,144000,127.7000000,127.7000000,127.6000000,127.6000000,12660
MOEX,1,20161213,144100,127.6000000,127.6900000,127.6000000,127.6000000,4350
MOEX,1,20161213,144200,127.6000000,127.6900000,127.6000000,127.6900000,3520
MOEX,1,20161213,144300,127.6900000,127.7000000,127.6100000,127.7000000,9630
MOEX,1,20161213,144400,127.6900000,127.6900000,127.6700000,127.6700000,150
MOEX,1,20161213,144500,127.6700000,127.7000000,127.6500000,127.6700000,2950
MOEX,1,20161213,144600,127.6700000,127.6700000,127.6700000,127.6700000,110
MOEX,1,20161213,144700,127.7000000,127.7000000,127.6800000,127.6900000,2230
MOEX,1,20161213,144800,127.7000000,127.7000000,127.6000000,127.6100000,8500
MOEX,1,20161213,144900,127.6300000,127.6400000,127.6100000,127.6400000,1370
MOEX,1,20161213,145000,127.6400000,127.6400000,127.6000000,127.6000000,8030
MOEX,1,20161213,145100,127.6100000,127.6300000,127.6100000,127.6100000,1840
MOEX,1,20161213,145200,127.6000000,127.6100000,127.5000000,127.5000000,39420
MOEX,1,20161213,145300,127.5100000,127.6500000,127.5000000,127.5500000,18980
MOEX,1,20161213,145400,127.5500000,127.6100000,127.5100000,127.6100000,5900
MOEX,1,20161213,145500,127.6000000,127.6000000,127.5600000,127.5900000,2050
MOEX,1,20161213,145600,127.5900000,127.8000000,127.5700000,127.7900000,20250
MOEX,1,20161213,145700,127.7400000,127.7600000,127.7300000,127.7300000,1020
MOEX,1,20161213,145800,127.7300000,127.8000000,127.7200000,127.8000000,13320
MOEX,1,20161213,145900,127.8000000,127.8300000,127.7100000,127.7100000,12510
MOEX,1,20161213,150000,127.6800000,127.7800000,127.6600000,127.7800000,7770
MOEX,1,20161213,150100,127.7900000,127.7900000,127.7400000,127.7400000,1910
MOEX,1,20161213,150200,127.7800000,127.8300000,127.7400000,127.8300000,1790
MOEX,1,20161213,150300,127.8200000,127.8300000,127.6000000,127.7000000,12410
MOEX,1,20161213,150400,127.7000000,127.7000000,127.6500000,127.6500000,630
MOEX,1,20161213,150500,127.6700000,127.8400000,127.6400000,127.8300000,12070
MOEX,1,20161213,150600,127.8100000,127.8300000,127.7400000,127.7600000,4010
MOEX,1,20161213,150700,127.8000000,127.9000000,127.7700000,127.8900000,11780
MOEX,1,20161213,150800,127.8400000,127.9000000,127.8300000,127.8600000,700
MOEX,1,20161213,150900,127.8600000,127.9200000,127.8400000,127.9200000,7570
MOEX,1,20161213,151000,127.9200000,128.0000000,127.6000000,127.6000000,70600
MOEX,1,20161213,151100,127.6400000,127.6700000,127.5700000,127.5700000,6410
MOEX,1,20161213,151200,127.5700000,127.6200000,127.5700000,127.6000000,6360
MOEX,1,20161213,151300,127.6100000,127.6200000,127.6000000,127.6000000,2660
MOEX,1,20161213,151400,127.6100000,127.6200000,127.6000000,127.6000000,9870
MOEX,1,20161213,151500,127.6300000,127.6500000,127.6000000,127.6000000,11930
MOEX,1,20161213,151600,127.6500000,127.6600000,127.6200000,127.6200000,1760
MOEX,1,20161213,151700,127.6300000,127.6300000,127.6000000,127.6000000,6490
MOEX,1,20161213,151800,127.6200000,127.6300000,127.6000000,127.6300000,3460
MOEX,1,20161213,151900,127.6300000,127.6400000,127.6000000,127.6000000,3270
MOEX,1,20161213,152000,127.6000000,127.6000000,127.6000000,127.6000000,1630
MOEX,1,20161213,152100,127.6100000,127.8200000,127.6000000,127.8200000,17550
MOEX,1,20161213,152200,127.8200000,127.8200000,127.7600000,127.7600000,3290
MOEX,1,20161213,152300,127.7700000,127.8900000,127.7400000,127.8700000,3100
MOEX,1,20161213,152400,127.8300000,127.9100000,127.8300000,127.8800000,4410
MOEX,1,20161213,152500,127.9000000,127.9800000,127.9000000,127.9000000,29430
MOEX,1,20161213,152600,127.9100000,127.9300000,127.9000000,127.9000000,7860
MOEX,1,20161213,152700,127.9000000,127.9400000,127.9000000,127.9400000,7710
MOEX,1,20161213,152800,127.9300000,127.9700000,127.9300000,127.9700000,680
MOEX,1,20161213,152900,127.9600000,127.9700000,127.9200000,127.9200000,3810
MOEX,1,20161213,153000,127.9000000,127.9500000,127.9000000,127.9500000,4130
MOEX,1,20161213,153100,127.9600000,128.0000000,127.9000000,127.9000000,258540
MOEX,1,20161213,153200,127.9000000,127.9400000,127.9000000,127.9000000,6220
MOEX,1,20161213,153300,127.9000000,128.0000000,127.9000000,127.9800000,17310
MOEX,1,20161213,153400,127.9800000,127.9800000,127.9500000,127.9500000,2510
MOEX,1,20161213,153500,127.9500000,127.9500000,127.9300000,127.9300000,950
MOEX,1,20161213,153600,127.9300000,127.9500000,127.8500000,127.8500000,12480
MOEX,1,20161213,153700,127.8500000,127.8600000,127.8000000,127.8100000,1420
MOEX,1,20161213,153800,127.8300000,127.8800000,127.8300000,127.8600000,910
MOEX,1,20161213,153900,127.8600000,127.9500000,127.8400000,127.8700000,4160
MOEX,1,20161213,154000,127.8800000,127.9900000,127.8600000,127.9900000,13950
MOEX,1,20161213,154100,127.9900000,128.0000000,127.9900000,128.0000000,8560
MOEX,1,20161213,154200,128.0000000,128.0000000,127.9900000,128.0000000,290
MOEX,1,20161213,154300,127.9800000,128.0000000,127.9800000,127.9900000,3210
MOEX,1,20161213,154400,128.0000000,128.0000000,127.9300000,127.9300000,8840
MOEX,1,20161213,154500,127.9700000,128.0000000,127.9700000,127.9900000,1690
MOEX,1,20161213,154600,127.9700000,127.9700000,127.8800000,127.9200000,5520
MOEX,1,20161213,154700,127.9100000,127.9400000,127.8800000,127.9200000,4560
MOEX,1,20161213,154800,127.9400000,127.9400000,127.8800000,127.8900000,4160
MOEX,1,20161213,154900,127.9000000,127.9000000,127.8700000,127.8700000,400
MOEX,1,20161213,155000,127.8800000,127.8900000,127.8200000,127.8300000,6970
MOEX,1,20161213,155100,127.8200000,127.8500000,127.7900000,127.8500000,6340
MOEX,1,20161213,155200,127.8500000,127.8600000,127.8500000,127.8500000,1240
MOEX,1,20161213,155300,127.8400000,127.8400000,127.7900000,127.8000000,15460
MOEX,1,20161213,155400,127.8100000,127.8200000,127.7000000,127.7100000,9260
MOEX,1,20161213,155500,127.7400000,127.7500000,127.7000000,127.7100000,3330
MOEX,1,20161213,155600,127.7400000,127.7400000,127.7000000,127.7000000,2060
MOEX,1,20161213,155700,127.7000000,127.7200000,127.6800000,127.6800000,3050
MOEX,1,20161213,155800,127.7000000,127.7000000,127.6500000,127.6500000,3140
MOEX,1,20161213,155900,127.6500000,127.6500000,127.6000000,127.6000000,18340
MOEX,1,20161213,160000,127.6100000,127.6400000,127.6000000,127.6000000,1710
MOEX,1,20161213,160100,127.6300000,127.6300000,127.6200000,127.6200000,980
MOEX,1,20161213,160200,127.6100000,127.6100000,127.6000000,127.6100000,18030
MOEX,1,20161213,160300,127.6100000,127.6400000,127.6000000,127.6000000,9020
MOEX,1,20161213,160400,127.6300000,127.6800000,127.6300000,127.6400000,2260
MOEX,1,20161213,160500,127.6500000,127.6600000,127.6400000,127.6500000,1620
MOEX,1,20161213,160600,127.6500000,127.7000000,127.6000000,127.6100000,16660
MOEX,1,20161213,160700,127.6100000,127.6100000,127.5000000,127.5900000,24280
MOEX,1,20161213,160800,127.5900000,127.5900000,127.5500000,127.5500000,4120
MOEX,1,20161213,160900,127.5500000,127.5500000,127.5000000,127.5000000,11820
MOEX,1,20161213,161000,127.5000000,127.5600000,127.5000000,127.5100000,16690
MOEX,1,20161213,161100,127.5100000,127.5200000,127.5000000,127.5100000,10360
MOEX,1,20161213,161200,127.5100000,127.5300000,127.5000000,127.5000000,14750
MOEX,1,20161213,161300,127.5000000,127.5300000,127.5000000,127.5300000,3180
MOEX,1,20161213,161400,127.5300000,127.6200000,127.5100000,127.6000000,16350
MOEX,1,20161213,161500,127.6100000,127.6700000,127.6100000,127.6700000,3460
MOEX,1,20161213,161600,127.6700000,127.8700000,127.6700000,127.8500000,8620
MOEX,1,20161213,161700,127.8300000,127.8700000,127.7500000,127.7600000,13020
MOEX,1,20161213,161800,127.7600000,127.7600000,127.5200000,127.5800000,11550
MOEX,1,20161213,161900,127.5800000,127.5900000,127.5000000,127.5600000,9180
MOEX,1,20161213,162000,127.5300000,127.6900000,127.5200000,127.6000000,5320
MOEX,1,20161213,162100,127.6000000,127.6100000,127.6000000,127.6000000,1200
MOEX,1,20161213,162200,127.6100000,127.6200000,127.5500000,127.5500000,2040
MOEX,1,20161213,162300,127.5900000,127.6300000,127.5500000,127.6300000,5200
MOEX,1,20161213,162400,127.6100000,127.6500000,127.5800000,127.6500000,6990
MOEX,1,20161213,162500,127.6400000,127.6600000,127.6400000,127.6500000,1090
MOEX,1,20161213,162600,127.6500000,127.6500000,127.5900000,127.5900000,1600
MOEX,1,20161213,162700,127.6200000,127.6300000,127.6000000,127.6300000,2890
MOEX,1,20161213,162800,127.6100000,127.6500000,127.6100000,127.6500000,460
MOEX,1,20161213,162900,127.6500000,127.6500000,127.6400000,127.6500000,3130
MOEX,1,20161213,163000,127.6500000,127.6500000,127.5500000,127.6000000,16690
MOEX,1,20161213,163100,127.6000000,127.6200000,127.5000000,127.5600000,24010
MOEX,1,20161213,163200,127.5600000,127.5900000,127.5400000,127.5500000,6270
MOEX,1,20161213,163300,127.5600000,127.5900000,127.5500000,127.5900000,1880
MOEX,1,20161213,163400,127.6100000,127.6400000,127.6000000,127.6400000,3740
MOEX,1,20161213,163500,127.6400000,127.6800000,127.6000000,127.6800000,4200
MOEX,1,20161213,163600,127.6700000,127.6800000,127.6200000,127.6300000,1960
MOEX,1,20161213,163700,127.6600000,127.6900000,127.6400000,127.6900000,3040
MOEX,1,20161213,163800,127.6900000,127.6900000,127.6500000,127.6700000,8290
MOEX,1,20161213,163900,127.6700000,127.7000000,127.6300000,127.6800000,13260
MOEX,1,20161213,164000,127.7000000,127.7000000,127.6300000,127.6300000,15150
MOEX,1,20161213,164100,127.6400000,127.6400000,127.6100000,127.6100000,570
MOEX,1,20161213,164200,127.6200000,127.6200000,127.6000000,127.6000000,950
MOEX,1,20161213,164300,127.6100000,127.6200000,127.6000000,127.6200000,6000
MOEX,1,20161213,164400,127.6000000,127.6000000,127.5800000,127.5900000,1560
MOEX,1,20161213,164500,127.5900000,127.6300000,127.5900000,127.6300000,3480
MOEX,1,20161213,164600,127.6300000,127.6900000,127.6100000,127.6900000,11310
MOEX,1,20161213,164700,127.6900000,127.7000000,127.6600000,127.7000000,11960
MOEX,1,20161213,164800,127.6700000,127.6900000,127.6200000,127.6200000,13570
MOEX,1,20161213,164900,127.6500000,127.6500000,127.5200000,127.6200000,17970
MOEX,1,20161213,165000,127.6300000,127.6900000,127.6200000,127.6900000,6000
MOEX,1,20161213,165100,127.6900000,127.7000000,127.6300000,127.6900000,3870
MOEX,1,20161213,165200,127.6900000,127.9100000,127.6900000,127.8800000,30480
MOEX,1,20161213,165300,127.8700000,127.9100000,127.8300000,127.9100000,2030
MOEX,1,20161213,165400,127.9100000,127.9300000,127.8900000,127.9300000,6100
MOEX,1,20161213,165500,127.9300000,127.9900000,127.9300000,127.9900000,11560
MOEX,1,20161213,165600,127.9900000,128.0000000,127.9900000,128.0000000,10330
MOEX,1,20161213,165700,128.0000000,128.0000000,127.9700000,128.0000000,5090
MOEX,1,20161213,165800,128.0000000,128.0000000,127.9800000,128.0000000,3390
MOEX,1,20161213,165900,128.0000000,128.0000000,127.9800000,127.9800000,3110
MOEX,1,20161213,170000,127.9600000,128.0000000,127.9500000,128.0000000,4440
MOEX,1,20161213,170100,128.0000000,128.0000000,127.9800000,128.0000000,31490
MOEX,1,20161213,170200,128.0000000,128.0000000,127.7200000,127.8300000,40300
MOEX,1,20161213,170300,127.8500000,127.8500000,127.7700000,127.8400000,5320
MOEX,1,20161213,170400,127.8300000,127.9600000,127.8300000,127.9600000,5300
MOEX,1,20161213,170500,127.9400000,127.9600000,127.9000000,127.9500000,1810
MOEX,1,20161213,170600,127.9200000,127.9400000,127.9100000,127.9400000,1830
MOEX,1,20161213,170700,127.9300000,127.9400000,127.9300000,127.9400000,220
MOEX,1,20161213,170800,127.9300000,127.9500000,127.9300000,127.9300000,1860
MOEX,1,20161213,170900,127.9500000,127.9500000,127.9300000,127.9500000,3670
MOEX,1,20161213,171000,127.9300000,127.9300000,127.8800000,127.8800000,5130
MOEX,1,20161213,171100,127.8800000,127.9300000,127.8800000,127.9300000,1230
MOEX,1,20161213,171200,127.9300000,127.9300000,127.9000000,127.9300000,1080
MOEX,1,20161213,171300,127.9300000,127.9300000,127.9000000,127.9200000,4260
MOEX,1,20161213,171400,127.8900000,127.9300000,127.8900000,127.9300000,1950
MOEX,1,20161213,171500,127.9500000,127.9500000,127.9500000,127.9500000,8000
MOEX,1,20161213,171600,127.9300000,127.9500000,127.9300000,127.9300000,5900
MOEX,1,20161213,171700,127.9500000,127.9500000,127.9200000,127.9200000,5220
MOEX,1,20161213,171800,127.8900000,127.8900000,127.8600000,127.8600000,4270
MOEX,1,20161213,171900,127.8900000,127.8900000,127.8500000,127.8700000,2500
MOEX,1,20161213,172000,127.8500000,127.8500000,127.8000000,127.8100000,5520
MOEX,1,20161213,172100,127.8200000,127.8700000,127.8100000,127.8600000,12620
MOEX,1,20161213,172200,127.8700000,127.9000000,127.8700000,127.9000000,2350
MOEX,1,20161213,172300,127.8700000,127.8800000,127.8500000,127.8600000,13950
MOEX,1,20161213,172400,127.8700000,127.9400000,127.8500000,127.9400000,15450
MOEX,1,20161213,172500,127.9200000,127.9400000,127.9000000,127.9100000,3110
MOEX,1,20161213,172600,127.9100000,127.9300000,127.9000000,127.9200000,3850
MOEX,1,20161213,172700,127.9100000,127.9300000,127.9000000,127.9300000,2740
MOEX,1,20161213,172800,127.9300000,127.9500000,127.9300000,127.9500000,3870
MOEX,1,20161213,172900,127.9500000,127.9500000,127.9500000,127.9500000,7730
MOEX,1,20161213,173000,127.9400000,127.9500000,127.9300000,127.9300000,5900
MOEX,1,20161213,173100,127.9300000,128.0000000,127.9300000,128.0000000,54990
MOEX,1,20161213,173200,128.0000000,128.0000000,127.9900000,127.9900000,21180
MOEX,1,20161213,173300,128.0000000,128.0000000,127.9700000,127.9700000,20580
MOEX,1,20161213,173400,127.9700000,127.9700000,127.9000000,127.9000000,13910
MOEX,1,20161213,173500,127.9300000,127.9300000,127.8800000,127.9000000,2980
MOEX,1,20161213,173600,127.9200000,127.9200000,127.9000000,127.9000000,1880
MOEX,1,20161213,173700,127.9100000,127.9300000,127.9000000,127.9000000,23360
MOEX,1,20161213,173800,127.9100000,127.9800000,127.9000000,127.9800000,6650
MOEX,1,20161213,173900,127.9800000,128.0000000,127.9600000,127.9900000,2780
MOEX,1,20161213,174000,128.0000000,128.0000000,127.9100000,127.9100000,21890
MOEX,1,20161213,174100,127.9300000,127.9800000,127.9100000,127.9800000,5650
MOEX,1,20161213,174200,127.9800000,127.9800000,127.9300000,127.9600000,5290
MOEX,1,20161213,174300,127.9700000,127.9900000,127.9300000,127.9900000,10050
MOEX,1,20161213,174400,128.0000000,128.0000000,127.9600000,127.9600000,3460
MOEX,1,20161213,174500,127.9700000,127.9900000,127.9500000,127.9600000,3810
MOEX,1,20161213,174600,127.9600000,127.9900000,127.9400000,127.9400000,13330
MOEX,1,20161213,174700,127.9400000,127.9700000,127.9400000,127.9500000,6200
MOEX,1,20161213,174800,127.9500000,127.9900000,127.9500000,127.9800000,5070
MOEX,1,20161213,174900,127.9700000,127.9800000,127.9400000,127.9600000,6710
MOEX,1,20161213,175000,127.9700000,128.3200000,127.9200000,128.3200000,192230
MOEX,1,20161213,175100,128.3200000,128.3900000,127.8000000,127.8700000,124170
MOEX,1,20161213,175200,127.8200000,128.2800000,127.8100000,128.0900000,30400
MOEX,1,20161213,175300,128.0900000,128.1700000,127.9000000,128.0500000,7820
MOEX,1,20161213,175400,128.0500000,128.0900000,127.9500000,127.9900000,13890
MOEX,1,20161213,175500,127.9900000,128.0000000,127.9000000,127.9000000,56010
MOEX,1,20161213,175600,127.9200000,127.9700000,127.9100000,127.9300000,9240
MOEX,1,20161213,175700,127.9400000,128.0800000,127.9300000,128.0300000,6570
MOEX,1,20161213,175800,128.0400000,128.0900000,128.0000000,128.0500000,5150
MOEX,1,20161213,175900,128.0700000,128.1800000,128.0500000,128.1500000,11370
MOEX,1,20161213,180000,128.1800000,128.2600000,128.1500000,128.2300000,2890
MOEX,1,20161213,180100,128.2400000,128.2400000,127.9900000,128.0400000,30820
MOEX,1,20161213,180200,128.0100000,128.1100000,128.0000000,128.0400000,10400
MOEX,1,20161213,180300,128.0800000,128.1400000,128.0000000,128.0000000,32710
MOEX,1,20161213,180400,128.0100000,128.0100000,128.0000000,128.0100000,2990
MOEX,1,20161213,180500,128.0000000,128.0600000,128.0000000,128.0500000,16630
MOEX,1,20161213,180600,128.0800000,128.1600000,128.0500000,128.1600000,11180
MOEX,1,20161213,180700,128.1600000,128.2400000,128.1500000,128.2000000,16450
MOEX,1,20161213,180800,128.2000000,128.2800000,128.1900000,128.2700000,4070
MOEX,1,20161213,180900,128.2800000,128.2900000,128.0100000,128.0900000,34640
MOEX,1,20161213,181000,128.0700000,128.0700000,128.0000000,128.0600000,20100
MOEX,1,20161213,181100,128.1100000,128.1400000,128.0100000,128.0700000,7470
MOEX,1,20161213,181200,128.0400000,128.0500000,128.0000000,128.0000000,36660
MOEX,1,20161213,181300,128.0000000,128.0100000,128.0000000,128.0000000,29950
MOEX,1,20161213,181400,128.0000000,128.0000000,127.8000000,127.9000000,26440
MOEX,1,20161213,181500,127.9900000,127.9900000,127.8000000,127.8000000,20200
MOEX,1,20161213,181600,127.8300000,127.8500000,127.8200000,127.8200000,4290
MOEX,1,20161213,181700,127.8200000,127.8500000,127.8000000,127.8500000,3470
MOEX,1,20161213,181800,127.8000000,127.8200000,127.8000000,127.8200000,14270
MOEX,1,20161213,181900,127.8100000,127.8600000,127.8000000,127.8500000,3970
MOEX,1,20161213,182000,127.8600000,127.8800000,127.8200000,127.8200000,4990
MOEX,1,20161213,182100,127.8400000,127.9000000,127.8200000,127.9000000,5650
MOEX,1,20161213,182200,127.9300000,127.9700000,127.9100000,127.9500000,8400
MOEX,1,20161213,182300,127.9200000,127.9200000,127.9000000,127.9000000,36280
MOEX,1,20161213,182400,127.9100000,127.9300000,127.8400000,127.9000000,12330
MOEX,1,20161213,182500,127.9100000,127.9300000,127.8900000,127.8900000,3960
MOEX,1,20161213,182600,127.8900000,127.9300000,127.8900000,127.9300000,13440
MOEX,1,20161213,182700,127.9300000,127.9400000,127.9000000,127.9000000,11240
MOEX,1,20161213,182800,127.9200000,127.9500000,127.9000000,127.9500000,7220
MOEX,1,20161213,182900,127.9600000,128.1000000,127.9600000,128.0600000,21340
MOEX,1,20161213,183000,128.1000000,128.1600000,128.0000000,128.0100000,31700
MOEX,1,20161213,183100,128.0100000,128.0200000,127.9000000,127.9000000,24690
MOEX,1,20161213,183200,127.9000000,127.9200000,127.9000000,127.9200000,17080
MOEX,1,20161213,183300,127.9000000,127.9300000,127.9000000,127.9000000,14150
MOEX,1,20161213,183400,127.9000000,127.9200000,127.8000000,127.8000000,15600
MOEX,1,20161213,183500,127.8000000,127.8500000,127.8000000,127.8500000,11120
MOEX,1,20161213,183600,127.8300000,127.8400000,127.8000000,127.8200000,4600
MOEX,1,20161213,183700,127.8100000,127.9200000,127.8100000,127.9000000,14890
MOEX,1,20161213,183800,127.9000000,127.9400000,127.8700000,127.9400000,36600
MOEX,1,20161213,183900,127.9400000,128.0000000,127.9100000,127.9400000,25350
MOEX,1,20161213,184000,127.9800000,128.0000000,127.9000000,127.9000000,136210
MOEX,1,20161213,184600,128.4600000,128.4600000,128.4600000,128.4600000,225400
MOEX,1,20161213,184700,128.4600000,128.4600000,128.4600000,128.4600000,4510
MOEX,1,20161213,184800,128.4600000,128.4600000,128.4600000,128.4600000,900
MOEX,1,20161213,184900,128.4600000,128.4600000,128.4600000,128.4600000,300
MOEX,1,20161213,185000,128.4600000,128.4600000,128.4600000,128.4600000,110
MOEX,1,20161214,100100,128.4600000,128.4600000,128.1100000,128.1300000,18910
MOEX,1,20161214,100200,128.1300000,128.1800000,127.8000000,127.9200000,37630
MOEX,1,20161214,100300,127.9500000,128.0000000,127.8000000,127.8000000,22420
MOEX,1,20161214,100400,127.8800000,128.0000000,127.5900000,127.6200000,11210
MOEX,1,20161214,100500,127.6300000,127.8800000,127.5000000,127.5600000,26700
MOEX,1,20161214,100600,127.6500000,127.9000000,127.6100000,127.7000000,5080
MOEX,1,20161214,100700,127.8800000,127.8800000,127.7100000,127.7200000,7190
MOEX,1,20161214,100800,127.7600000,127.8300000,127.7300000,127.7600000,7300
MOEX,1,20161214,100900,127.7500000,127.8300000,127.7300000,127.8000000,11140
MOEX,1,20161214,101000,127.7700000,128.0000000,127.7700000,127.9400000,21380
MOEX,1,20161214,101100,127.9400000,128.0000000,127.8400000,127.9300000,29940
MOEX,1,20161214,101200,128.0000000,128.0000000,127.7700000,127.8300000,22920
MOEX,1,20161214,101300,127.9000000,128.0000000,127.8300000,127.9600000,3550
MOEX,1,20161214,101400,127.8600000,127.9000000,127.7300000,127.8000000,6980
MOEX,1,20161214,101500,127.7200000,127.7900000,127.6300000,127.6300000,6290
MOEX,1,20161214,101600,127.6400000,127.7200000,127.5500000,127.5700000,14310
MOEX,1,20161214,101700,127.5700000,127.6000000,127.5300000,127.6000000,18050
MOEX,1,20161214,101800,127.6400000,127.7300000,127.5100000,127.5200000,15350
MOEX,1,20161214,101900,127.5700000,127.5800000,127.4800000,127.5400000,45100
MOEX,1,20161214,102000,127.4900000,127.4900000,127.0000000,127.2000000,65700
MOEX,1,20161214,102100,127.2000000,127.3000000,127.0000000,127.1500000,17870
MOEX,1,20161214,102200,127.1400000,127.2500000,127.0900000,127.1800000,9010
MOEX,1,20161214,102300,127.1400000,127.1400000,126.5000000,126.5300000,62570
MOEX,1,20161214,102400,126.5300000,126.6800000,126.5000000,126.5500000,21620
MOEX,1,20161214,102500,126.6100000,126.6100000,126.3100000,126.3200000,46870
