NVTK,1,20161213,100100,767.9000000,777.0000000,766.8000000,768.8000000,9570
NVTK,1,20161213,100200,769.8000000,770.1000000,768.2000000,769.8000000,3370
NVTK,1,20161213,100300,769.6000000,770.8000000,768.7000000,770.8000000,630
NVTK,1,20161213,100400,770.7000000,770.8000000,769.0000000,769.0000000,680
NVTK,1,20161213,100500,768.7000000,769.9000000,768.7000000,769.9000000,30
NVTK,1,20161213,100600,768.3000000,770.5000000,768.3000000,770.5000000,1150
NVTK,1,20161213,100700,770.2000000,770.4000000,769.0000000,770.4000000,1930
NVTK,1,20161213,100800,770.3000000,770.4000000,770.3000000,770.4000000,80
NVTK,1,20161213,100900,770.4000000,770.8000000,768.3000000,770.8000000,3680
NVTK,1,20161213,101000,770.5000000,774.3000000,770.5000000,774.3000000,2640
NVTK,1,20161213,101100,774.0000000,774.9000000,772.9000000,772.9000000,2330
NVTK,1,20161213,101200,774.2000000,774.3000000,772.3000000,773.0000000,1330
NVTK,1,20161213,101300,771.8000000,773.7000000,771.1000000,773.7000000,2090
NVTK,1,20161213,101400,773.6000000,773.9000000,772.1000000,773.6000000,1330
NVTK,1,20161213,101500,772.5000000,772.5000000,772.4000000,772.4000000,110
NVTK,1,20161213,101600,772.4000000,774.7000000,772.4000000,774.2000000,1960
NVTK,1,20161213,101700,774.2000000,774.6000000,771.1000000,774.3000000,4110
NVTK,1,20161213,101800,773.8000000,773.8000000,772.6000000,772.6000000,980
NVTK,1,20161213,101900,773.4000000,773.5000000,773.0000000,773.0000000,380
NVTK,1,20161213,102000,773.3000000,773.5000000,773.0000000,773.0000000,170
NVTK,1,20161213,102100,773.1000000,773.5000000,773.1000000,773.5000000,70
NVTK,1,20161213,102200,773.5000000,775.0000000,773.5000000,775.0000000,2530
NVTK,1,20161213,102300,775.0000000,776.0000000,773.5000000,774.2000000,2660
NVTK,1,20161213,102400,774.2000000,775.4000000,774.2000000,774.6000000,950
NVTK,1,20161213,102500,774.6000000,775.8000000,774.6000000,775.8000000,1380
NVTK,1,20161213,102600,775.8000000,777.0000000,774.7000000,777.0000000,8060
NVTK,1,20161213,102700,776.2000000,777.4000000,775.2000000,777.2000000,7860
NVTK,1,20161213,102800,777.0000000,777.0000000,775.1000000,775.1000000,800
NVTK,1,20161213,102900,775.9000000,776.4000000,775.3000000,775.3000000,60
NVTK,1,20161213,103000,775.2000000,775.5000000,774.9000000,775.5000000,690
NVTK,1,20161213,103100,775.5000000,776.0000000,775.5000000,776.0000000,2670
NVTK,1,20161213,103200,776.0000000,776.0000000,775.6000000,775.6000000,130
NVTK,1,20161213,103300,775.5000000,775.6000000,775.4000000,775.6000000,2590
NVTK,1,20161213,103500,775.8000000,776.0000000,775.8000000,776.0000000,560
NVTK,1,20161213,103600,775.1000000,777.2000000,775.1000000,776.0000000,7900
NVTK,1,20161213,103700,775.9000000,775.9000000,774.8000000,774.8000000,590
NVTK,1,20161213,103800,774.7000000,776.5000000,774.2000000,776.5000000,6130
NVTK,1,20161213,103900,775.4000000,775.8000000,775.2000000,775.8000000,660
NVTK,1,20161213,104000,774.9000000,774.9000000,774.0000000,774.8000000,350
NVTK,1,20161213,104200,774.2000000,774.6000000,774.0000000,774.6000000,140
NVTK,1,20161213,104400,774.6000000,775.0000000,773.8000000,773.8000000,560
NVTK,1,20161213,104500,773.7000000,773.7000000,773.7000000,773.7000000,10
NVTK,1,20161213,104600,774.4000000,774.8000000,773.9000000,774.8000000,1120
NVTK,1,20161213,104700,775.0000000,775.0000000,774.3000000,774.3000000,780
NVTK,1,20161213,104900,773.7000000,774.0000000,773.7000000,774.0000000,540
NVTK,1,20161213,105000,774.5000000,774.5000000,774.2000000,774.5000000,840
NVTK,1,20161213,105100,774.4000000,774.4000000,773.8000000,773.8000000,70
NVTK,1,20161213,105200,774.0000000,774.0000000,774.0000000,774.0000000,10
NVTK,1,20161213,105300,773.7000000,773.7000000,773.7000000,773.7000000,1120
NVTK,1,20161213,105400,773.4000000,773.4000000,773.0000000,773.0000000,220
NVTK,1,20161213,105500,772.9000000,773.0000000,772.9000000,773.0000000,1020
NVTK,1,20161213,105600,773.4000000,773.4000000,773.4000000,773.4000000,20
NVTK,1,20161213,105700,772.9000000,773.0000000,772.7000000,773.0000000,620
NVTK,1,20161213,105800,773.0000000,773.0000000,770.7000000,771.1000000,4320
NVTK,1,20161213,105900,771.5000000,771.5000000,770.8000000,770.8000000,170
NVTK,1,20161213,110000,770.8000000,770.8000000,770.6000000,770.6000000,210
NVTK,1,20161213,110100,770.8000000,771.9000000,770.1000000,771.9000000,2050
NVTK,1,20161213,110200,771.7000000,771.7000000,771.4000000,771.4000000,210
NVTK,1,20161213,110300,771.1000000,771.1000000,770.4000000,770.5000000,1650
NVTK,1,20161213,110400,771.1000000,771.1000000,770.3000000,770.3000000,2430
NVTK,1,20161213,110500,770.2000000,771.1000000,770.2000000,771.1000000,580
NVTK,1,20161213,110600,771.1000000,771.1000000,769.2000000,770.3000000,9400
NVTK,1,20161213,110700,770.3000000,771.1000000,769.3000000,770.9000000,6480
NVTK,1,20161213,110800,771.2000000,771.6000000,770.5000000,771.6000000,4680
NVTK,1,20161213,110900,771.0000000,771.2000000,769.7000000,771.2000000,3250
NVTK,1,20161213,111000,771.2000000,773.4000000,771.2000000,773.3000000,5170
NVTK,1,20161213,111100,772.8000000,772.8000000,772.2000000,772.3000000,2750
NVTK,1,20161213,111200,771.8000000,772.0000000,771.4000000,771.4000000,40
NVTK,1,20161213,111300,771.4000000,771.9000000,771.4000000,771.9000000,120
NVTK,1,20161213,111400,772.3000000,772.7000000,772.2000000,772.7000000,680
NVTK,1,20161213,111500,772.5000000,772.8000000,772.5000000,772.8000000,50
NVTK,1,20161213,111600,772.3000000,772.7000000,771.9000000,772.0000000,1170
NVTK,1,20161213,111700,772.7000000,772.7000000,771.4000000,772.3000000,4440
NVTK,1,20161213,111800,771.9000000,771.9000000,771.9000000,771.9000000,30
NVTK,1,20161213,111900,771.0000000,772.9000000,771.0000000,772.9000000,3690
NVTK,1,20161213,112000,772.1000000,772.3000000,771.8000000,771.8000000,450
NVTK,1,20161213,112100,772.2000000,772.2000000,772.2000000,772.2000000,20
NVTK,1,20161213,112200,772.1000000,772.1000000,772.1000000,772.1000000,30
NVTK,1,20161213,112300,772.5000000,772.7000000,772.4000000,772.4000000,620
NVTK,1,20161213,112400,772.6000000,773.7000000,772.6000000,773.7000000,2620
NVTK,1,20161213,112500,773.7000000,773.7000000,773.7000000,773.7000000,10
NVTK,1,20161213,112600,773.8000000,773.9000000,773.1000000,773.7000000,1490
NVTK,1,20161213,112700,773.5000000,774.0000000,773.5000000,774.0000000,680
NVTK,1,20161213,112800,774.0000000,774.7000000,774.0000000,774.1000000,2590
NVTK,1,20161213,112900,774.6000000,774.7000000,773.5000000,774.0000000,3770
NVTK,1,20161213,113000,774.0000000,774.8000000,773.5000000,774.5000000,7420
NVTK,1,20161213,113100,774.2000000,774.8000000,773.8000000,774.8000000,7170
NVTK,1,20161213,113200,774.8000000,775.5000000,774.3000000,775.5000000,3500
NVTK,1,20161213,113300,775.2000000,775.2000000,774.7000000,774.7000000,220
NVTK,1,20161213,113400,774.9000000,775.5000000,774.9000000,775.1000000,3590
NVTK,1,20161213,113500,775.5000000,776.0000000,775.5000000,775.8000000,1150
NVTK,1,20161213,113600,775.2000000,775.8000000,774.8000000,775.8000000,1770
NVTK,1,20161213,113700,775.8000000,775.8000000,775.1000000,775.5000000,2580
NVTK,1,20161213,113800,775.8000000,777.2000000,775.8000000,776.3000000,12170
NVTK,1,20161213,113900,777.0000000,777.0000000,776.0000000,776.6000000,2250
NVTK,1,20161213,114000,776.0000000,776.6000000,776.0000000,776.0000000,70
NVTK,1,20161213,114100,776.7000000,776.9000000,776.0000000,776.0000000,2280
NVTK,1,20161213,114200,776.6000000,776.6000000,775.1000000,775.8000000,6270
NVTK,1,20161213,114300,775.9000000,776.3000000,775.9000000,776.3000000,330
NVTK,1,20161213,114400,775.6000000,775.6000000,774.8000000,775.0000000,5290
NVTK,1,20161213,114500,775.8000000,776.3000000,775.0000000,775.9000000,7090
NVTK,1,20161213,114600,776.1000000,776.2000000,774.8000000,775.0000000,6130
NVTK,1,20161213,114700,775.0000000,775.8000000,774.8000000,775.0000000,5110
NVTK,1,20161213,114800,775.0000000,775.0000000,774.8000000,775.0000000,2760
NVTK,1,20161213,114900,774.8000000,775.8000000,774.8000000,775.8000000,1090
NVTK,1,20161213,115000,775.8000000,776.1000000,775.7000000,776.1000000,630
NVTK,1,20161213,115100,776.0000000,776.0000000,775.4000000,775.8000000,140
NVTK,1,20161213,115200,775.8000000,775.9000000,775.8000000,775.9000000,150
NVTK,1,20161213,115300,775.3000000,775.3000000,774.6000000,775.2000000,660
NVTK,1,20161213,115400,775.0000000,775.3000000,774.0000000,774.4000000,4410
NVTK,1,20161213,115500,773.6000000,774.4000000,773.6000000,773.8000000,500
NVTK,1,20161213,115600,773.8000000,773.9000000,771.5000000,772.0000000,3440
NVTK,1,20161213,115700,772.3000000,773.3000000,772.3000000,773.3000000,220
NVTK,1,20161213,115800,772.8000000,774.3000000,772.8000000,774.1000000,940
NVTK,1,20161213,115900,774.4000000,775.1000000,774.2000000,775.1000000,2000
NVTK,1,20161213,120000,774.8000000,774.8000000,774.8000000,774.8000000,20
NVTK,1,20161213,120100,774.4000000,775.9000000,774.4000000,775.3000000,4280
NVTK,1,20161213,120200,775.5000000,775.7000000,775.1000000,775.1000000,600
NVTK,1,20161213,120300,775.0000000,775.0000000,775.0000000,775.0000000,40
NVTK,1,20161213,120400,775.7000000,776.0000000,775.7000000,775.7000000,760
NVTK,1,20161213,120500,775.7000000,775.9000000,775.0000000,775.0000000,4340
NVTK,1,20161213,120600,775.6000000,776.1000000,775.6000000,776.1000000,1910
NVTK,1,20161213,120700,775.5000000,776.2000000,775.2000000,775.2000000,2400
NVTK,1,20161213,120800,775.7000000,776.6000000,775.7000000,776.6000000,3290
NVTK,1,20161213,120900,776.7000000,777.0000000,776.4000000,777.0000000,4570
NVTK,1,20161213,121000,776.5000000,777.0000000,776.5000000,777.0000000,980
NVTK,1,20161213,121100,777.0000000,777.0000000,776.5000000,777.0000000,670
NVTK,1,20161213,121200,776.9000000,777.0000000,775.2000000,775.6000000,5390
NVTK,1,20161213,121300,775.8000000,776.4000000,775.3000000,776.2000000,3900
NVTK,1,20161213,121400,776.3000000,777.0000000,775.6000000,776.8000000,8220
NVTK,1,20161213,121500,776.7000000,776.7000000,776.7000000,776.7000000,110
NVTK,1,20161213,121600,776.0000000,776.8000000,776.0000000,776.8000000,750
NVTK,1,20161213,121700,776.7000000,776.8000000,776.2000000,776.2000000,310
NVTK,1,20161213,121800,776.1000000,776.7000000,775.2000000,776.0000000,3810
NVTK,1,20161213,122000,776.7000000,776.8000000,776.7000000,776.8000000,1320
NVTK,1,20161213,122100,776.5000000,776.8000000,774.9000000,775.1000000,3170
NVTK,1,20161213,122200,774.8000000,774.8000000,774.6000000,774.6000000,1000
NVTK,1,20161213,122300,775.0000000,776.3000000,774.9000000,776.3000000,7550
NVTK,1,20161213,122400,776.6000000,776.9000000,775.6000000,776.9000000,5720
NVTK,1,20161213,122500,776.9000000,777.0000000,776.3000000,776.3000000,4240
NVTK,1,20161213,122600,776.7000000,777.0000000,776.1000000,776.9000000,7990
NVTK,1,20161213,122700,776.4000000,776.7000000,775.3000000,776.2000000,6830
NVTK,1,20161213,122800,776.1000000,777.0000000,776.0000000,777.0000000,2730
NVTK,1,20161213,122900,777.0000000,777.4000000,776.5000000,777.4000000,14760
NVTK,1,20161213,123000,777.4000000,777.6000000,777.0000000,777.6000000,2730
NVTK,1,20161213,123100,777.1000000,777.7000000,776.7000000,777.7000000,1670
NVTK,1,20161213,123200,777.6000000,778.7000000,777.6000000,778.0000000,4640
NVTK,1,20161213,123300,777.7000000,777.7000000,777.6000000,777.6000000,20
NVTK,1,20161213,123400,777.3000000,777.3000000,777.2000000,777.2000000,90
NVTK,1,20161213,123700,776.9000000,776.9000000,776.2000000,776.2000000,580
NVTK,1,20161213,123800,776.3000000,777.4000000,776.2000000,777.4000000,870
NVTK,1,20161213,123900,777.8000000,777.9000000,777.7000000,777.7000000,430
NVTK,1,20161213,124000,777.7000000,777.7000000,777.6000000,777.6000000,780
NVTK,1,20161213,124100,777.7000000,778.0000000,777.7000000,778.0000000,1000
NVTK,1,20161213,124200,778.0000000,778.0000000,778.0000000,778.0000000,60
NVTK,1,20161213,124400,777.5000000,777.8000000,777.5000000,777.8000000,40
NVTK,1,20161213,124500,777.8000000,778.0000000,777.4000000,777.5000000,1480
NVTK,1,20161213,124600,777.5000000,778.8000000,777.5000000,778.8000000,6390
NVTK,1,20161213,124700,778.9000000,779.0000000,778.2000000,778.8000000,1770
NVTK,1,20161213,124800,778.8000000,778.8000000,778.8000000,778.8000000,10
NVTK,1,20161213,124900,778.1000000,778.2000000,778.1000000,778.2000000,20
NVTK,1,20161213,125000,778.2000000,778.8000000,778.2000000,778.8000000,3170
NVTK,1,20161213,125100,778.9000000,779.0000000,778.9000000,779.0000000,500
NVTK,1,20161213,125200,779.0000000,779.0000000,779.0000000,779.0000000,150
NVTK,1,20161213,125300,779.0000000,779.0000000,779.0000000,779.0000000,130
NVTK,1,20161213,125400,778.4000000,778.4000000,777.9000000,778.1000000,1000
NVTK,1,20161213,125500,778.3000000,778.3000000,777.6000000,777.6000000,30
NVTK,1,20161213,125700,777.9000000,777.9000000,777.9000000,777.9000000,10
NVTK,1,20161213,125800,777.9000000,778.3000000,777.5000000,778.3000000,1160
NVTK,1,20161213,130000,778.4000000,779.1000000,778.4000000,779.1000000,2480
NVTK,1,20161213,130100,779.1000000,779.1000000,778.5000000,778.5000000,380
NVTK,1,20161213,130200,779.1000000,779.1000000,777.3000000,777.3000000,7690
NVTK,1,20161213,130300,777.2000000,777.8000000,776.1000000,776.8000000,12040
NVTK,1,20161213,130600,776.3000000,776.8000000,776.0000000,776.1000000,1250
NVTK,1,20161213,130700,777.2000000,777.3000000,777.2000000,777.3000000,170
NVTK,1,20161213,130900,776.8000000,777.4000000,775.8000000,776.6000000,4920
NVTK,1,20161213,131000,776.1000000,776.6000000,776.0000000,776.6000000,470
NVTK,1,20161213,131100,776.8000000,776.8000000,776.8000000,776.8000000,10
NVTK,1,20161213,131200,776.8000000,776.8000000,776.8000000,776.8000000,30
NVTK,1,20161213,131300,776.9000000,778.6000000,776.9000000,778.6000000,2750
NVTK,1,20161213,131400,778.2000000,778.6000000,778.1000000,778.6000000,1930
NVTK,1,20161213,131500,778.0000000,778.8000000,777.8000000,778.8000000,970
NVTK,1,20161213,131600,778.3000000,780.3000000,778.2000000,780.3000000,20800
NVTK,1,20161213,131700,780.3000000,780.5000000,780.3000000,780.5000000,1900
NVTK,1,20161213,131800,780.5000000,780.5000000,780.5000000,780.5000000,280
NVTK,1,20161213,131900,780.1000000,780.5000000,779.8000000,780.4000000,3670
NVTK,1,20161213,132000,779.9000000,779.9000000,779.7000000,779.9000000,820
NVTK,1,20161213,132100,779.4000000,779.9000000,778.4000000,779.6000000,1460
NVTK,1,20161213,132200,779.5000000,780.0000000,779.5000000,780.0000000,950
NVTK,1,20161213,132300,780.0000000,781.5000000,780.0000000,781.4000000,5590
NVTK,1,20161213,132400,781.7000000,782.5000000,781.3000000,782.3000000,4810
NVTK,1,20161213,132500,782.8000000,783.3000000,781.2000000,781.5000000,7040
NVTK,1,20161213,132600,782.0000000,782.0000000,782.0000000,782.0000000,220
NVTK,1,20161213,132700,781.8000000,782.3000000,781.8000000,782.3000000,490
NVTK,1,20161213,132800,781.6000000,781.8000000,781.5000000,781.8000000,470
NVTK,1,20161213,132900,781.9000000,781.9000000,780.7000000,780.7000000,460
NVTK,1,20161213,133000,780.8000000,780.8000000,780.8000000,780.8000000,100
NVTK,1,20161213,133100,780.7000000,781.9000000,780.6000000,781.9000000,3230
NVTK,1,20161213,133200,781.3000000,782.4000000,781.3000000,782.3000000,6530
NVTK,1,20161213,133300,781.4000000,782.4000000,781.4000000,782.4000000,1450
NVTK,1,20161213,133400,781.7000000,783.0000000,781.7000000,783.0000000,5360
NVTK,1,20161213,133500,782.2000000,783.3000000,781.9000000,783.2000000,3860
NVTK,1,20161213,133600,782.7000000,782.7000000,781.4000000,782.6000000,4210
NVTK,1,20161213,133700,782.6000000,783.6000000,782.3000000,783.6000000,3400
NVTK,1,20161213,133800,783.9000000,785.0000000,783.7000000,784.0000000,9410
NVTK,1,20161213,133900,784.0000000,784.1000000,784.0000000,784.1000000,210
NVTK,1,20161213,134000,784.5000000,785.0000000,784.3000000,785.0000000,3480
NVTK,1,20161213,134100,785.0000000,785.0000000,784.1000000,784.1000000,320
NVTK,1,20161213,134200,784.8000000,784.9000000,784.1000000,784.9000000,620
NVTK,1,20161213,134300,784.9000000,784.9000000,784.4000000,784.4000000,1060
NVTK,1,20161213,134400,784.4000000,784.9000000,784.3000000,784.9000000,640
NVTK,1,20161213,134500,784.8000000,788.1000000,784.8000000,787.4000000,9220
NVTK,1,20161213,134600,787.4000000,788.3000000,787.3000000,788.3000000,1440
NVTK,1,20161213,134700,788.3000000,788.3000000,787.4000000,787.5000000,3990
NVTK,1,20161213,134800,787.6000000,788.0000000,787.5000000,788.0000000,120
NVTK,1,20161213,134900,788.0000000,788.1000000,787.5000000,788.1000000,1260
NVTK,1,20161213,135000,787.5000000,788.0000000,787.5000000,788.0000000,110
NVTK,1,20161213,135100,787.4000000,787.4000000,786.0000000,786.0000000,2740
NVTK,1,20161213,135200,787.0000000,787.0000000,786.0000000,786.9000000,700
NVTK,1,20161213,135300,787.4000000,787.9000000,787.0000000,787.5000000,1230
NVTK,1,20161213,135400,787.9000000,787.9000000,786.5000000,786.5000000,1080
NVTK,1,20161213,135500,787.3000000,787.3000000,784.3000000,784.3000000,8600
NVTK,1,20161213,135600,784.3000000,785.5000000,784.3000000,785.2000000,4630
NVTK,1,20161213,135700,785.0000000,786.0000000,784.9000000,785.9000000,11400
NVTK,1,20161213,135800,786.0000000,786.2000000,784.8000000,785.6000000,5320
NVTK,1,20161213,135900,785.6000000,786.0000000,785.2000000,785.2000000,2270
NVTK,1,20161213,140000,785.9000000,785.9000000,785.9000000,785.9000000,40
NVTK,1,20161213,140100,786.0000000,786.1000000,786.0000000,786.1000000,50
NVTK,1,20161213,140200,785.5000000,786.0000000,785.2000000,785.8000000,5930
NVTK,1,20161213,140300,785.5000000,785.5000000,784.3000000,784.3000000,7010
NVTK,1,20161213,140400,784.5000000,784.5000000,784.4000000,784.5000000,2020
NVTK,1,20161213,140500,784.1000000,784.1000000,784.1000000,784.1000000,10
NVTK,1,20161213,140600,784.4000000,786.3000000,783.1000000,784.4000000,52220
NVTK,1,20161213,140700,784.5000000,785.1000000,783.7000000,784.7000000,9860
NVTK,1,20161213,140800,784.2000000,784.7000000,783.7000000,784.7000000,4640
NVTK,1,20161213,141000,784.2000000,784.2000000,783.3000000,783.3000000,480
NVTK,1,20161213,141100,784.2000000,784.3000000,784.2000000,784.3000000,600
NVTK,1,20161213,141200,783.4000000,783.4000000,783.4000000,783.4000000,50
NVTK,1,20161213,141300,783.4000000,783.4000000,783.1000000,783.1000000,30
NVTK,1,20161213,141400,783.4000000,783.4000000,783.4000000,783.4000000,380
NVTK,1,20161213,141600,783.9000000,784.8000000,783.6000000,784.3000000,7110
NVTK,1,20161213,141800,783.3000000,783.3000000,783.1000000,783.1000000,50
NVTK,1,20161213,141900,783.1000000,784.1000000,782.9000000,784.1000000,4130
NVTK,1,20161213,142000,784.1000000,784.4000000,783.5000000,784.3000000,2450
NVTK,1,20161213,142100,784.3000000,784.7000000,784.3000000,784.7000000,470
NVTK,1,20161213,142200,784.7000000,784.7000000,784.1000000,784.7000000,3640
NVTK,1,20161213,142300,784.7000000,785.2000000,783.1000000,784.4000000,22700
NVTK,1,20161213,142400,784.4000000,785.1000000,784.4000000,784.9000000,2040
NVTK,1,20161213,142500,784.8000000,785.2000000,784.4000000,784.8000000,7620
NVTK,1,20161213,142600,784.8000000,785.1000000,784.3000000,784.8000000,1700
NVTK,1,20161213,142700,784.1000000,784.1000000,783.2000000,783.7000000,5270
NVTK,1,20161213,142800,783.7000000,784.1000000,783.3000000,783.6000000,1240
NVTK,1,20161213,142900,783.5000000,783.7000000,783.4000000,783.5000000,650
NVTK,1,20161213,143000,784.0000000,784.1000000,784.0000000,784.1000000,2040
NVTK,1,20161213,143100,784.0000000,785.1000000,783.7000000,785.1000000,4600
NVTK,1,20161213,143200,784.4000000,785.1000000,784.4000000,785.0000000,2460
NVTK,1,20161213,143300,785.0000000,785.0000000,784.7000000,784.7000000,340
NVTK,1,20161213,143400,784.7000000,785.2000000,783.9000000,783.9000000,7420
NVTK,1,20161213,143500,785.0000000,785.4000000,783.7000000,783.7000000,3910
NVTK,1,20161213,143600,784.6000000,784.8000000,784.6000000,784.8000000,1230
NVTK,1,20161213,143700,785.0000000,785.5000000,784.4000000,785.5000000,5140
NVTK,1,20161213,143800,785.5000000,785.5000000,784.5000000,784.6000000,1370
NVTK,1,20161213,143900,785.0000000,785.1000000,785.0000000,785.1000000,270
NVTK,1,20161213,144000,785.1000000,785.2000000,783.8000000,785.0000000,4450
NVTK,1,20161213,144100,785.0000000,785.1000000,784.2000000,784.2000000,1210
NVTK,1,20161213,144200,783.9000000,784.9000000,783.7000000,784.9000000,2620
NVTK,1,20161213,144300,784.9000000,785.4000000,783.8000000,784.6000000,8280
NVTK,1,20161213,144400,785.4000000,785.4000000,784.5000000,784.7000000,1840
NVTK,1,20161213,144500,784.9000000,785.0000000,784.9000000,785.0000000,150
NVTK,1,20161213,144600,785.0000000,785.0000000,783.4000000,783.4000000,1800
NVTK,1,20161213,144800,783.5000000,783.5000000,782.4000000,782.4000000,1700
NVTK,1,20161213,144900,782.7000000,784.0000000,781.9000000,784.0000000,1170
NVTK,1,20161213,145000,783.2000000,783.2000000,783.2000000,783.2000000,200
NVTK,1,20161213,145100,783.7000000,783.7000000,783.0000000,783.0000000,1060
NVTK,1,20161213,145200,782.8000000,782.9000000,782.8000000,782.9000000,110
NVTK,1,20161213,145300,782.9000000,783.9000000,782.9000000,783.9000000,8090
NVTK,1,20161213,145400,783.9000000,784.7000000,783.9000000,784.7000000,2600
NVTK,1,20161213,145500,784.6000000,784.7000000,784.6000000,784.7000000,90
NVTK,1,20161213,145600,784.7000000,785.4000000,784.4000000,785.2000000,6940
NVTK,1,20161213,145700,784.4000000,784.4000000,784.1000000,784.1000000,1050
NVTK,1,20161213,145800,784.0000000,784.8000000,783.9000000,783.9000000,2410
NVTK,1,20161213,150000,783.5000000,784.8000000,783.3000000,784.5000000,4010
NVTK,1,20161213,150100,784.5000000,784.6000000,783.3000000,783.4000000,2670
NVTK,1,20161213,150200,784.0000000,784.6000000,783.7000000,783.7000000,1720
NVTK,1,20161213,150300,783.0000000,783.0000000,782.4000000,782.7000000,1780
NVTK,1,20161213,150500,782.6000000,784.4000000,782.6000000,783.9000000,6040
NVTK,1,20161213,150600,783.9000000,783.9000000,782.6000000,783.2000000,2600
NVTK,1,20161213,150700,783.2000000,783.5000000,782.3000000,783.3000000,6860
NVTK,1,20161213,150800,783.4000000,783.4000000,781.8000000,781.8000000,1580
NVTK,1,20161213,150900,782.6000000,782.8000000,782.6000000,782.8000000,1470
NVTK,1,20161213,151000,782.8000000,782.9000000,782.1000000,782.1000000,1310
NVTK,1,20161213,151100,782.6000000,782.7000000,782.6000000,782.7000000,570
NVTK,1,20161213,151200,782.7000000,782.7000000,781.4000000,781.4000000,2700
NVTK,1,20161213,151300,781.3000000,782.1000000,780.5000000,780.8000000,10270
NVTK,1,20161213,151400,781.6000000,781.6000000,780.6000000,781.4000000,860
NVTK,1,20161213,151500,781.4000000,781.5000000,780.1000000,780.1000000,2610
NVTK,1,20161213,151600,780.7000000,780.8000000,780.1000000,780.8000000,1760
NVTK,1,20161213,151700,780.1000000,780.6000000,779.4000000,780.6000000,2430
NVTK,1,20161213,151800,780.6000000,781.0000000,780.1000000,781.0000000,1670
NVTK,1,20161213,151900,780.2000000,780.2000000,780.2000000,780.2000000,10
NVTK,1,20161213,152000,780.3000000,780.7000000,779.8000000,780.7000000,280
NVTK,1,20161213,152100,780.7000000,780.8000000,780.7000000,780.7000000,660
NVTK,1,20161213,152200,780.9000000,780.9000000,780.9000000,780.9000000,300
NVTK,1,20161213,152300,781.1000000,781.4000000,780.7000000,781.1000000,2890
NVTK,1,20161213,152400,780.7000000,781.0000000,780.1000000,780.4000000,3960
NVTK,1,20161213,152500,780.4000000,780.5000000,779.6000000,779.6000000,1870
NVTK,1,20161213,152600,779.6000000,779.6000000,779.6000000,779.6000000,150
NVTK,1,20161213,152700,779.6000000,779.6000000,779.6000000,779.6000000,150
NVTK,1,20161213,152900,779.7000000,779.7000000,779.7000000,779.7000000,20
NVTK,1,20161213,153000,780.2000000,780.8000000,780.2000000,780.8000000,1250
NVTK,1,20161213,153100,780.9000000,781.3000000,780.8000000,781.2000000,2210
NVTK,1,20161213,153200,781.2000000,781.3000000,781.2000000,781.3000000,870
NVTK,1,20161213,153300,781.3000000,782.2000000,781.3000000,781.6000000,1620
NVTK,1,20161213,153400,782.6000000,782.8000000,782.6000000,782.8000000,370
NVTK,1,20161213,153500,782.8000000,782.8000000,782.8000000,782.8000000,50
NVTK,1,20161213,153900,782.8000000,784.0000000,782.8000000,784.0000000,1280
NVTK,1,20161213,154000,784.0000000,784.3000000,784.0000000,784.3000000,1030
NVTK,1,20161213,154100,784.3000000,784.7000000,784.3000000,784.7000000,1480
NVTK,1,20161213,154200,784.8000000,785.9000000,784.8000000,785.9000000,5660
NVTK,1,20161213,154300,785.9000000,786.1000000,785.9000000,786.1000000,2130
NVTK,1,20161213,154400,786.1000000,786.3000000,785.9000000,785.9000000,300
NVTK,1,20161213,154500,786.2000000,786.3000000,785.3000000,785.3000000,1360
NVTK,1,20161213,154600,785.5000000,786.2000000,784.9000000,786.2000000,2020
NVTK,1,20161213,154700,786.3000000,786.4000000,785.3000000,786.4000000,2210
NVTK,1,20161213,154800,785.8000000,785.8000000,785.4000000,785.4000000,650
NVTK,1,20161213,155000,785.0000000,785.0000000,784.9000000,784.9000000,30
NVTK,1,20161213,155100,785.6000000,786.5000000,785.6000000,786.5000000,440
NVTK,1,20161213,155200,786.5000000,786.5000000,786.1000000,786.1000000,140
NVTK,1,20161213,155300,786.0000000,786.0000000,786.0000000,786.0000000,90
NVTK,1,20161213,155400,786.0000000,786.0000000,786.0000000,786.0000000,120
NVTK,1,20161213,155600,786.5000000,787.0000000,786.5000000,787.0000000,760
NVTK,1,20161213,155700,786.6000000,787.2000000,786.6000000,787.2000000,180
NVTK,1,20161213,155800,786.6000000,787.1000000,786.6000000,787.1000000,510
NVTK,1,20161213,155900,787.2000000,787.2000000,787.2000000,787.2000000,190
NVTK,1,20161213,160000,786.4000000,786.9000000,786.4000000,786.9000000,1530
NVTK,1,20161213,160100,786.8000000,787.2000000,786.8000000,787.0000000,6800
NVTK,1,20161213,160200,786.7000000,786.7000000,786.7000000,786.7000000,30
NVTK,1,20161213,160300,786.7000000,786.9000000,786.7000000,786.9000000,70
NVTK,1,20161213,160400,787.2000000,787.3000000,787.2000000,787.3000000,290
NVTK,1,20161213,160500,787.3000000,788.7000000,787.3000000,788.7000000,13330
NVTK,1,20161213,160600,788.7000000,789.0000000,788.7000000,789.0000000,1240
NVTK,1,20161213,160700,789.0000000,789.1000000,788.6000000,788.6000000,1410
NVTK,1,20161213,160800,788.8000000,788.8000000,788.3000000,788.7000000,760
NVTK,1,20161213,160900,788.3000000,788.8000000,788.3000000,788.8000000,480
NVTK,1,20161213,161000,788.8000000,788.8000000,788.2000000,788.8000000,2170
NVTK,1,20161213,161100,788.8000000,788.8000000,788.3000000,788.3000000,900
NVTK,1,20161213,161300,788.3000000,788.3000000,787.9000000,787.9000000,1710
NVTK,1,20161213,161400,788.2000000,788.8000000,787.8000000,788.8000000,3000
NVTK,1,20161213,161500,788.7000000,788.7000000,788.7000000,788.7000000,450
NVTK,1,20161213,161600,788.7000000,789.6000000,788.2000000,789.6000000,7600
NVTK,1,20161213,161700,789.7000000,790.6000000,789.3000000,790.2000000,8880
NVTK,1,20161213,161800,790.6000000,790.6000000,789.9000000,789.9000000,60
NVTK,1,20161213,161900,789.8000000,789.8000000,789.8000000,789.8000000,100
NVTK,1,20161213,162000,790.0000000,790.0000000,788.1000000,788.7000000,9280
NVTK,1,20161213,162100,789.0000000,789.0000000,788.9000000,788.9000000,990
NVTK,1,20161213,162200,789.0000000,789.3000000,788.5000000,789.3000000,3950
NVTK,1,20161213,162300,789.3000000,789.9000000,789.3000000,789.4000000,4060
NVTK,1,20161213,162400,790.0000000,790.6000000,789.5000000,790.5000000,5640
NVTK,1,20161213,162500,790.5000000,790.5000000,789.8000000,789.8000000,110
NVTK,1,20161213,162600,790.4000000,790.4000000,790.4000000,790.4000000,1090
NVTK,1,20161213,162700,790.5000000,790.7000000,789.5000000,789.8000000,5970
NVTK,1,20161213,162900,789.8000000,790.5000000,789.8000000,790.5000000,1950
NVTK,1,20161213,163000,790.5000000,790.9000000,789.5000000,790.9000000,3830
NVTK,1,20161213,163100,790.9000000,791.1000000,789.8000000,790.0000000,7770
NVTK,1,20161213,163200,790.0000000,790.1000000,790.0000000,790.1000000,3120
NVTK,1,20161213,163300,789.4000000,789.4000000,789.4000000,789.4000000,30
NVTK,1,20161213,163400,789.9000000,790.0000000,789.5000000,790.0000000,1630
NVTK,1,20161213,163500,790.0000000,790.1000000,789.9000000,790.0000000,1210
NVTK,1,20161213,163600,790.1000000,790.1000000,789.6000000,789.6000000,550
NVTK,1,20161213,163700,789.9000000,791.3000000,789.9000000,791.1000000,4130
NVTK,1,20161213,163800,791.3000000,791.5000000,791.3000000,791.5000000,3520
NVTK,1,20161213,163900,791.5000000,792.5000000,791.1000000,792.5000000,6280
NVTK,1,20161213,164000,792.5000000,792.9000000,792.3000000,792.3000000,3430
NVTK,1,20161213,164100,792.1000000,792.5000000,792.0000000,792.3000000,710
NVTK,1,20161213,164300,792.7000000,793.0000000,791.4000000,792.4000000,2280
NVTK,1,20161213,164400,791.5000000,791.5000000,791.0000000,791.1000000,760
NVTK,1,20161213,164500,791.9000000,792.3000000,791.9000000,792.3000000,2880
NVTK,1,20161213,164600,792.4000000,792.5000000,791.4000000,792.2000000,5560
NVTK,1,20161213,164700,791.5000000,792.3000000,790.9000000,791.3000000,2910
NVTK,1,20161213,164800,791.3000000,791.3000000,790.7000000,790.9000000,4680
NVTK,1,20161213,164900,790.4000000,792.0000000,790.3000000,792.0000000,3730
NVTK,1,20161213,165000,792.0000000,792.3000000,792.0000000,792.3000000,1890
NVTK,1,20161213,165100,792.2000000,792.3000000,791.9000000,792.2000000,2110
NVTK,1,20161213,165200,792.2000000,792.7000000,791.9000000,792.0000000,14510
NVTK,1,20161213,165300,792.0000000,792.0000000,792.0000000,792.0000000,150
NVTK,1,20161213,165400,792.0000000,793.3000000,792.0000000,793.3000000,5340
NVTK,1,20161213,165500,793.3000000,794.4000000,793.0000000,793.6000000,8850
NVTK,1,20161213,165600,794.4000000,794.4000000,794.0000000,794.0000000,380
NVTK,1,20161213,165700,794.0000000,794.3000000,794.0000000,794.3000000,1290
NVTK,1,20161213,165800,794.4000000,794.5000000,794.4000000,794.5000000,1410
NVTK,1,20161213,165900,794.5000000,795.1000000,794.4000000,795.1000000,8120
NVTK,1,20161213,170000,794.9000000,795.5000000,794.9000000,795.5000000,1900
NVTK,1,20161213,170100,795.4000000,797.6000000,795.2000000,797.6000000,11870
NVTK,1,20161213,170200,797.6000000,797.7000000,796.5000000,796.8000000,2500
NVTK,1,20161213,170300,797.4000000,797.4000000,796.3000000,796.5000000,350
NVTK,1,20161213,170400,796.0000000,796.7000000,795.8000000,796.2000000,560
NVTK,1,20161213,170500,796.2000000,797.4000000,794.0000000,794.0000000,9470
NVTK,1,20161213,170600,794.1000000,794.7000000,794.1000000,794.7000000,120
NVTK,1,20161213,170700,794.0000000,794.0000000,793.4000000,793.4000000,1900
NVTK,1,20161213,170900,793.1000000,793.9000000,793.1000000,793.9000000,160
NVTK,1,20161213,171100,793.9000000,795.0000000,793.9000000,794.5000000,5000
NVTK,1,20161213,171200,794.5000000,794.5000000,794.4000000,794.5000000,1430
NVTK,1,20161213,171300,795.0000000,795.0000000,794.4000000,794.4000000,190
NVTK,1,20161213,171400,795.0000000,795.0000000,795.0000000,795.0000000,660
NVTK,1,20161213,171500,794.1000000,795.0000000,794.1000000,795.0000000,920
NVTK,1,20161213,171600,795.0000000,795.6000000,795.0000000,795.6000000,620
NVTK,1,20161213,171800,795.0000000,795.6000000,795.0000000,795.0000000,70
NVTK,1,20161213,171900,795.0000000,795.0000000,794.5000000,794.5000000,1350
NVTK,1,20161213,172000,794.6000000,795.2000000,794.6000000,795.2000000,530
NVTK,1,20161213,172100,795.1000000,796.0000000,795.1000000,796.0000000,2000
NVTK,1,20161213,172200,796.2000000,796.6000000,795.8000000,796.5000000,790
NVTK,1,20161213,172300,795.8000000,796.6000000,795.7000000,795.7000000,1240
NVTK,1,20161213,172400,795.8000000,796.5000000,795.8000000,796.5000000,270
NVTK,1,20161213,172500,796.1000000,796.5000000,795.7000000,795.8000000,440
NVTK,1,20161213,172600,796.4000000,796.4000000,794.6000000,794.6000000,2430
NVTK,1,20161213,172800,795.3000000,795.9000000,795.3000000,795.9000000,600
NVTK,1,20161213,172900,795.2000000,795.2000000,795.1000000,795.1000000,510
NVTK,1,20161213,173000,795.1000000,795.6000000,794.8000000,795.6000000,2160
NVTK,1,20161213,173100,795.7000000,797.7000000,795.6000000,797.6000000,14030
NVTK,1,20161213,173200,797.6000000,797.8000000,797.0000000,797.8000000,3320
NVTK,1,20161213,173300,797.9000000,798.0000000,797.3000000,798.0000000,2260
NVTK,1,20161213,173400,797.2000000,798.0000000,797.1000000,797.2000000,2040
NVTK,1,20161213,173500,797.1000000,797.8000000,797.1000000,797.1000000,680
NVTK,1,20161213,173600,797.1000000,797.4000000,795.7000000,795.7000000,1290
NVTK,1,20161213,173700,796.4000000,797.7000000,796.4000000,797.7000000,1070
NVTK,1,20161213,173800,796.7000000,797.7000000,796.6000000,797.3000000,6620
NVTK,1,20161213,173900,796.4000000,796.4000000,796.3000000,796.3000000,1170
NVTK,1,20161213,174000,796.4000000,796.4000000,796.3000000,796.3000000,120
NVTK,1,20161213,174100,797.0000000,797.0000000,796.5000000,796.9000000,1060
NVTK,1,20161213,174200,797.0000000,797.0000000,797.0000000,797.0000000,1550
NVTK,1,20161213,174300,797.0000000,797.0000000,797.0000000,797.0000000,3090
NVTK,1,20161213,174400,797.0000000,797.8000000,797.0000000,797.3000000,2600
NVTK,1,20161213,174500,797.6000000,797.9000000,796.0000000,796.7000000,10890
NVTK,1,20161213,174600,796.3000000,796.3000000,794.5000000,794.5000000,5140
NVTK,1,20161213,174700,795.2000000,796.4000000,794.8000000,795.8000000,5500
NVTK,1,20161213,174800,796.1000000,796.1000000,795.3000000,796.1000000,1670
NVTK,1,20161213,174900,796.1000000,796.7000000,795.8000000,796.1000000,1200
NVTK,1,20161213,175000,796.1000000,796.5000000,796.1000000,796.5000000,250
NVTK,1,20161213,175100,796.2000000,797.3000000,796.2000000,797.3000000,3730
NVTK,1,20161213,175200,796.9000000,797.2000000,796.3000000,796.4000000,2270
NVTK,1,20161213,175300,797.1000000,797.1000000,796.5000000,797.1000000,360
NVTK,1,20161213,175400,797.0000000,799.0000000,795.1000000,799.0000000,69960
NVTK,1,20161213,175500,799.0000000,799.7000000,798.1000000,799.6000000,8030
NVTK,1,20161213,175600,799.4000000,800.0000000,798.6000000,800.0000000,16920
NVTK,1,20161213,175700,800.0000000,800.4000000,799.3000000,800.0000000,5140
NVTK,1,20161213,175800,799.5000000,799.8000000,798.7000000,799.7000000,4320
NVTK,1,20161213,175900,798.7000000,799.7000000,798.5000000,799.4000000,3400
NVTK,1,20161213,180000,799.2000000,799.5000000,799.0000000,799.0000000,1300
NVTK,1,20161213,180100,799.4000000,799.4000000,798.6000000,798.6000000,1330
NVTK,1,20161213,180200,798.7000000,799.0000000,798.7000000,799.0000000,50
NVTK,1,20161213,180300,799.3000000,799.9000000,798.2000000,798.2000000,6690
NVTK,1,20161213,180400,798.0000000,798.0000000,797.0000000,797.5000000,2950
NVTK,1,20161213,180500,797.4000000,798.1000000,797.2000000,798.0000000,2270
NVTK,1,20161213,180600,797.3000000,797.3000000,797.3000000,797.3000000,30
NVTK,1,20161213,180700,797.7000000,799.5000000,797.7000000,799.5000000,6660
NVTK,1,20161213,180800,799.0000000,799.0000000,798.5000000,799.0000000,3070
NVTK,1,20161213,180900,798.8000000,799.0000000,797.0000000,797.0000000,2380
NVTK,1,20161213,181000,797.0000000,797.0000000,796.3000000,796.4000000,920
NVTK,1,20161213,181200,796.9000000,796.9000000,795.4000000,796.5000000,4300
NVTK,1,20161213,181300,795.9000000,796.0000000,795.1000000,795.4000000,2160
NVTK,1,20161213,181400,795.2000000,796.5000000,795.2000000,796.5000000,460
NVTK,1,20161213,181500,796.7000000,796.7000000,795.7000000,796.3000000,2530
NVTK,1,20161213,181600,795.8000000,797.4000000,795.7000000,796.9000000,900
NVTK,1,20161213,181700,797.6000000,798.0000000,797.2000000,798.0000000,810
NVTK,1,20161213,181800,797.6000000,797.9000000,797.3000000,797.6000000,1860
NVTK,1,20161213,181900,797.9000000,799.3000000,797.9000000,799.3000000,3970
NVTK,1,20161213,182000,798.8000000,800.0000000,798.6000000,799.8000000,7810
NVTK,1,20161213,182100,799.8000000,800.7000000,799.3000000,800.7000000,6650
NVTK,1,20161213,182200,800.4000000,800.6000000,799.9000000,799.9000000,1700
NVTK,1,20161213,182300,799.9000000,800.1000000,799.0000000,799.2000000,4230
NVTK,1,20161213,182400,798.9000000,799.5000000,797.6000000,798.6000000,3390
NVTK,1,20161213,182500,798.7000000,799.5000000,798.6000000,798.7000000,1240
NVTK,1,20161213,182600,798.7000000,799.4000000,798.1000000,799.0000000,4950
NVTK,1,20161213,182700,798.8000000,799.1000000,798.4000000,798.4000000,320
NVTK,1,20161213,182800,798.5000000,799.2000000,798.4000000,799.2000000,890
NVTK,1,20161213,182900,799.0000000,799.0000000,798.7000000,798.7000000,1200
NVTK,1,20161213,183000,798.8000000,799.0000000,798.4000000,798.8000000,2610
NVTK,1,20161213,183100,798.8000000,798.8000000,797.8000000,798.1000000,6040
NVTK,1,20161213,183200,798.2000000,799.0000000,798.1000000,798.6000000,610
NVTK,1,20161213,183300,798.0000000,798.3000000,797.5000000,797.5000000,2020
NVTK,1,20161213,183400,797.5000000,798.7000000,797.5000000,797.5000000,4490
NVTK,1,20161213,183500,797.5000000,798.3000000,797.5000000,797.5000000,430
NVTK,1,20161213,183600,797.5000000,797.5000000,796.5000000,796.6000000,2900
NVTK,1,20161213,183700,796.6000000,797.6000000,796.5000000,797.6000000,1850
NVTK,1,20161213,183800,796.6000000,797.9000000,796.6000000,796.7000000,2310
NVTK,1,20161213,183900,796.7000000,797.3000000,795.3000000,796.0000000,4310
NVTK,1,20161213,184000,796.0000000,797.0000000,795.3000000,796.0000000,3590
NVTK,1,20161213,184600,799.4000000,799.4000000,799.4000000,799.4000000,9310
NVTK,1,20161213,184700,799.4000000,799.4000000,799.4000000,799.4000000,110
NVTK,1,20161213,184900,799.4000000,799.4000000,799.4000000,799.4000000,750
NVTK,1,20161214,100100,799.4000000,799.5000000,797.4000000,797.9000000,420
NVTK,1,20161214,100200,797.8000000,798.0000000,797.3000000,797.9000000,10180
NVTK,1,20161214,100300,797.9000000,797.9000000,790.1000000,790.8000000,28260
NVTK,1,20161214,100400,790.5000000,792.6000000,788.0000000,789.8000000,29630
NVTK,1,20161214,100500,789.2000000,789.8000000,787.0000000,788.0000000,13380
NVTK,1,20161214,100600,788.0000000,789.0000000,788.0000000,789.0000000,9980
NVTK,1,20161214,100700,789.0000000,791.0000000,789.0000000,790.4000000,12170
NVTK,1,20161214,100800,791.0000000,794.0000000,791.0000000,794.0000000,2650
NVTK,1,20161214,100900,794.0000000,794.9000000,793.8000000,794.9000000,1130
NVTK,1,20161214,101000,794.5000000,797.0000000,794.5000000,796.2000000,6210
NVTK,1,20161214,101100,797.0000000,797.0000000,795.7000000,796.3000000,6970
NVTK,1,20161214,101200,796.5000000,796.9000000,795.6000000,795.8000000,650
NVTK,1,20161214,101300,795.7000000,797.0000000,795.7000000,796.6000000,1360
NVTK,1,20161214,101400,796.8000000,797.0000000,796.0000000,796.0000000,1140
NVTK,1,20161214,101500,796.0000000,796.0000000,793.4000000,793.4000000,1770
NVTK,1,20161214,101600,793.3000000,794.0000000,792.2000000,792.8000000,1800
NVTK,1,20161214,101700,792.7000000,795.0000000,791.0000000,793.2000000,13130
NVTK,1,20161214,101800,793.4000000,794.8000000,793.0000000,794.0000000,3610
NVTK,1,20161214,101900,794.0000000,795.5000000,793.3000000,794.1000000,2330
NVTK,1,20161214,102000,794.3000000,794.7000000,794.3000000,794.4000000,1170
NVTK,1,20161214,102100,794.9000000,795.5000000,794.9000000,795.5000000,1010
NVTK,1,20161214,102200,795.9000000,796.0000000,795.9000000,796.0000000,80
NVTK,1,20161214,102300,795.2000000,795.2000000,794.4000000,794.4000000,2750
NVTK,1,20161214,102500,794.6000000,794.8000000,794.0000000,794.0000000,1090
NVTK,1,20161214,102600,793.7000000,794.0000000,793.6000000,794.0000000,660
NVTK,1,20161214,102700,793.6000000,793.6000000,791.6000000,791.8000000,9670
NVTK,1,20161214,102800,791.9000000,791.9000000,790.7000000,790.9000000,4330
NVTK,1,20161214,102900,790.5000000,790.8000000,789.8000000,789.8000000,2850
NVTK,1,20161214,103000,789.9000000,790.0000000,789.8000000,789.8000000,250
NVTK,1,20161214,103100,789.8000000,790.0000000,788.6000000,788.9000000,4420
