ROSN,1,20161213,100100,386.9500000,388.4000000,386.1000000,387.0000000,57030
ROSN,1,20161213,100200,386.4000000,387.0500000,386.1000000,386.8500000,19570
ROSN,1,20161213,100300,386.8000000,387.1500000,386.7500000,386.9500000,2810
ROSN,1,20161213,100400,386.7500000,386.8500000,386.0000000,386.1000000,10310
ROSN,1,20161213,100500,386.1000000,386.7000000,386.0000000,386.2000000,17080
ROSN,1,20161213,100600,386.1500000,386.1500000,384.8500000,384.8500000,26580
ROSN,1,20161213,100700,384.8000000,384.8000000,383.6000000,383.9000000,47080
ROSN,1,20161213,100800,383.9500000,384.6500000,383.9000000,384.5500000,13960
ROSN,1,20161213,100900,384.6500000,385.0000000,384.5000000,385.0000000,10320
ROSN,1,20161213,101000,385.0000000,385.2000000,384.8000000,385.1000000,19790
ROSN,1,20161213,101100,385.1000000,385.1000000,383.6000000,383.6000000,23100
ROSN,1,20161213,101200,383.8000000,384.0500000,383.5000000,383.5000000,19810
ROSN,1,20161213,101300,383.6000000,384.1000000,383.6000000,384.1000000,9710
ROSN,1,20161213,101400,383.8500000,384.1000000,383.8000000,384.0000000,610
ROSN,1,20161213,101500,383.9000000,383.9000000,383.8000000,383.9000000,150
ROSN,1,20161213,101600,383.8500000,384.2500000,383.8000000,384.0000000,19210
ROSN,1,20161213,101700,384.0500000,384.6000000,384.0500000,384.3000000,3030
ROSN,1,20161213,101800,384.5500000,384.7500000,384.5000000,384.7500000,11090
ROSN,1,20161213,101900,384.7000000,385.4000000,384.7000000,385.3000000,13220
ROSN,1,20161213,102000,385.4000000,386.7000000,385.4000000,386.4000000,22690
ROSN,1,20161213,102100,386.4000000,386.4000000,386.0000000,386.2000000,4280
ROSN,1,20161213,102200,386.2500000,386.6500000,386.2000000,386.6500000,10920
ROSN,1,20161213,102300,386.6000000,387.5000000,386.6000000,386.8000000,32080
ROSN,1,20161213,102400,387.0500000,387.1000000,386.8000000,387.1000000,6700
ROSN,1,20161213,102500,386.8500000,386.8500000,386.0500000,386.0500000,16140
ROSN,1,20161213,102600,386.1500000,387.1000000,386.0000000,386.7000000,24810
ROSN,1,20161213,102700,387.0000000,387.1500000,386.4000000,386.4000000,8090
ROSN,1,20161213,102800,386.3000000,386.8000000,386.2500000,386.4500000,11900
ROSN,1,20161213,102900,386.5500000,386.5500000,386.3000000,386.3000000,4340
ROSN,1,20161213,103000,386.3000000,386.9500000,386.3000000,386.7500000,2390
ROSN,1,20161213,103100,386.5000000,386.8000000,386.4000000,386.7500000,4600
ROSN,1,20161213,103200,386.5000000,386.5500000,386.4500000,386.5500000,2100
ROSN,1,20161213,103300,386.3500000,386.5500000,386.3500000,386.5000000,1800
ROSN,1,20161213,103400,386.4000000,386.5500000,386.2500000,386.2500000,5210
ROSN,1,20161213,103500,386.2500000,386.4000000,386.2500000,386.4000000,4260
ROSN,1,20161213,103600,386.3500000,386.9000000,386.3500000,386.9000000,6470
ROSN,1,20161213,103700,386.9000000,386.9500000,386.5000000,386.5000000,14530
ROSN,1,20161213,103800,386.6500000,386.7000000,386.3500000,386.3500000,4310
ROSN,1,20161213,103900,386.3000000,386.3500000,386.1500000,386.2000000,2160
ROSN,1,20161213,104000,386.1500000,386.2000000,386.0000000,386.2000000,2580
ROSN,1,20161213,104100,386.1000000,386.2000000,386.0000000,386.0000000,2570
ROSN,1,20161213,104200,385.9500000,386.0000000,385.8500000,386.0000000,3830
ROSN,1,20161213,104300,385.9000000,386.2500000,385.9000000,386.2500000,450
ROSN,1,20161213,104400,385.8500000,385.9000000,385.8500000,385.9000000,20
ROSN,1,20161213,104500,386.1000000,386.2500000,385.8500000,385.8500000,880
ROSN,1,20161213,104600,385.8000000,385.8000000,385.0500000,385.5000000,28170
ROSN,1,20161213,104700,385.7500000,385.8000000,385.7500000,385.7500000,630
ROSN,1,20161213,104800,385.3500000,385.5000000,385.2000000,385.2500000,1720
ROSN,1,20161213,104900,385.2500000,386.0500000,385.2500000,386.0500000,4120
ROSN,1,20161213,105000,386.0500000,386.0500000,385.7500000,385.9500000,3510
ROSN,1,20161213,105100,385.3500000,385.3500000,385.2500000,385.2500000,20
ROSN,1,20161213,105200,385.2500000,385.4500000,385.2000000,385.2000000,1610
ROSN,1,20161213,105300,385.2000000,385.2500000,385.0500000,385.2500000,8610
ROSN,1,20161213,105400,385.1000000,385.4000000,385.1000000,385.4000000,3980
ROSN,1,20161213,105500,385.4500000,385.4500000,385.4500000,385.4500000,520
ROSN,1,20161213,105600,385.5500000,385.6500000,385.5500000,385.6500000,2820
ROSN,1,20161213,105700,385.4500000,385.4500000,385.1500000,385.2000000,670
ROSN,1,20161213,105900,385.1500000,385.1500000,385.0500000,385.0500000,1140
ROSN,1,20161213,110000,385.0500000,385.0500000,384.7000000,384.7000000,11870
ROSN,1,20161213,110100,384.6000000,384.8500000,384.5500000,384.8500000,10050
ROSN,1,20161213,110200,384.6500000,384.7500000,384.5500000,384.7500000,5550
ROSN,1,20161213,110300,384.7500000,384.8000000,384.6000000,384.8000000,2420
ROSN,1,20161213,110400,384.7000000,384.8000000,384.6000000,384.8000000,4120
ROSN,1,20161213,110500,384.8000000,385.0000000,384.7500000,384.9000000,6010
ROSN,1,20161213,110600,384.8500000,385.2000000,384.5500000,384.7000000,7850
ROSN,1,20161213,110700,384.7000000,385.1500000,384.7000000,385.0500000,3060
ROSN,1,20161213,110800,385.0500000,385.5000000,385.0500000,385.4000000,4350
ROSN,1,20161213,110900,385.3500000,385.4000000,385.0000000,385.4000000,1790
ROSN,1,20161213,111000,385.1500000,385.6000000,385.1000000,385.6000000,6160
ROSN,1,20161213,111100,385.3500000,385.3500000,384.7500000,384.8000000,1810
ROSN,1,20161213,111200,384.7500000,384.9000000,384.7000000,384.9000000,560
ROSN,1,20161213,111300,384.9000000,385.2000000,384.8500000,384.9500000,3830
ROSN,1,20161213,111400,385.0500000,385.5000000,384.9500000,385.4500000,15290
ROSN,1,20161213,111500,385.6000000,385.7500000,385.6000000,385.7500000,4200
ROSN,1,20161213,111600,385.6000000,385.8000000,385.4000000,385.7000000,2720
ROSN,1,20161213,111700,385.7000000,385.8000000,385.3000000,385.6000000,3490
ROSN,1,20161213,111800,385.5500000,385.8000000,385.5500000,385.8000000,740
ROSN,1,20161213,111900,385.6500000,386.0000000,385.2500000,385.9000000,17650
ROSN,1,20161213,112000,386.0500000,386.1000000,385.7500000,385.7500000,2430
ROSN,1,20161213,112100,385.8000000,385.9500000,385.8000000,385.8500000,200
ROSN,1,20161213,112200,385.8500000,385.8500000,385.7000000,385.7000000,80
ROSN,1,20161213,112300,385.9000000,385.9000000,385.7000000,385.7000000,5320
ROSN,1,20161213,112400,385.8500000,386.1500000,385.7500000,386.1500000,3830
ROSN,1,20161213,112500,386.0000000,386.1500000,385.9000000,386.1500000,2070
ROSN,1,20161213,112600,386.1500000,386.1500000,385.4500000,385.4500000,11680
ROSN,1,20161213,112700,385.6500000,385.9500000,385.6000000,385.9500000,5150
ROSN,1,20161213,112800,385.9500000,386.2500000,385.9500000,386.2500000,51190
ROSN,1,20161213,112900,386.3000000,386.5000000,386.0000000,386.4000000,13160
ROSN,1,20161213,113000,386.4000000,387.7000000,386.3000000,387.7000000,87750
ROSN,1,20161213,113100,387.7000000,389.4000000,387.5000000,388.5000000,184110
ROSN,1,20161213,113200,388.7000000,388.7500000,387.9500000,388.2000000,31930
ROSN,1,20161213,113300,388.2000000,389.2000000,387.8500000,389.1500000,82700
ROSN,1,20161213,113400,389.1000000,389.5000000,388.7000000,388.8500000,84500
ROSN,1,20161213,113500,388.6500000,389.1500000,388.6000000,388.8000000,12650
ROSN,1,20161213,113600,389.1000000,389.1000000,388.3500000,388.6000000,13650
ROSN,1,20161213,113700,388.6000000,388.8000000,388.4000000,388.6000000,10100
ROSN,1,20161213,113800,388.6000000,388.7500000,388.0000000,388.5500000,61720
ROSN,1,20161213,113900,388.7000000,388.8500000,388.2500000,388.5500000,26790
ROSN,1,20161213,114000,388.5000000,388.5000000,388.0000000,388.0000000,9590
ROSN,1,20161213,114100,388.2000000,388.5000000,388.1000000,388.4500000,11480
ROSN,1,20161213,114200,388.4500000,388.6000000,388.1500000,388.5500000,26600
ROSN,1,20161213,114300,388.4500000,388.7500000,388.3000000,388.6500000,4730
ROSN,1,20161213,114400,388.4000000,388.7000000,388.3000000,388.7000000,6610
ROSN,1,20161213,114500,388.7500000,389.5000000,388.6500000,389.1500000,41710
ROSN,1,20161213,114600,389.4000000,389.5000000,388.5500000,389.3000000,33840
ROSN,1,20161213,114700,389.5000000,389.5000000,389.1000000,389.1000000,39090
ROSN,1,20161213,114800,389.3000000,389.5000000,389.0500000,389.1000000,50560
ROSN,1,20161213,114900,389.4000000,390.1000000,389.3000000,390.1000000,172830
ROSN,1,20161213,115000,390.0500000,390.3500000,389.5000000,390.0000000,96070
ROSN,1,20161213,115100,390.0000000,390.0000000,389.5000000,389.9000000,25480
ROSN,1,20161213,115200,389.9000000,390.4500000,389.7000000,389.7500000,41040
ROSN,1,20161213,115300,389.9000000,389.9000000,389.5500000,389.7000000,5470
ROSN,1,20161213,115400,389.7000000,389.8000000,389.0500000,389.3500000,53540
ROSN,1,20161213,115500,389.1000000,389.1000000,388.8000000,388.9500000,9960
ROSN,1,20161213,115600,388.9500000,389.1500000,388.5000000,388.9500000,25210
ROSN,1,20161213,115700,389.0000000,389.3500000,389.0000000,389.1000000,5520
ROSN,1,20161213,115800,389.2500000,389.5000000,389.0000000,389.0000000,34150
ROSN,1,20161213,115900,389.1500000,389.6500000,389.0000000,389.3500000,35860
ROSN,1,20161213,120000,389.6000000,389.6000000,389.2500000,389.3000000,4740
ROSN,1,20161213,120100,389.3000000,389.5500000,389.0000000,389.4500000,33420
ROSN,1,20161213,120200,389.4500000,389.5000000,389.3500000,389.3500000,3640
ROSN,1,20161213,120300,389.3500000,389.5000000,389.0000000,389.2000000,4350
ROSN,1,20161213,120400,389.0500000,389.5000000,389.0000000,389.2500000,39000
ROSN,1,20161213,120500,389.2000000,389.5000000,389.0000000,389.2000000,9460
ROSN,1,20161213,120600,389.2000000,389.4500000,389.1000000,389.3500000,7070
ROSN,1,20161213,120700,389.3500000,389.4000000,388.7000000,388.7000000,53020
ROSN,1,20161213,120800,388.7500000,388.8000000,388.5000000,388.7000000,10850
ROSN,1,20161213,120900,388.7000000,388.7000000,388.2000000,388.5000000,22160
ROSN,1,20161213,121000,388.3000000,388.3000000,387.2000000,387.4000000,32140
ROSN,1,20161213,121100,387.2500000,387.8000000,387.2000000,387.6500000,18240
ROSN,1,20161213,121200,387.5000000,387.5000000,386.9000000,387.0000000,54730
ROSN,1,20161213,121300,387.1500000,387.3500000,386.9500000,387.3500000,13390
ROSN,1,20161213,121400,387.1000000,387.4500000,387.0000000,387.0000000,47690
ROSN,1,20161213,121500,387.0000000,387.3000000,386.7500000,386.8500000,45110
ROSN,1,20161213,121600,386.7500000,386.9500000,386.7500000,386.8000000,7140
ROSN,1,20161213,121700,386.9500000,387.0000000,386.8000000,386.8000000,15010
ROSN,1,20161213,121800,386.7500000,386.7500000,386.4500000,386.4500000,39180
ROSN,1,20161213,121900,386.4500000,386.6000000,386.4000000,386.4500000,21060
ROSN,1,20161213,122000,386.5000000,386.8000000,386.4500000,386.7500000,15690
ROSN,1,20161213,122100,386.5000000,386.5000000,386.2000000,386.4500000,17920
ROSN,1,20161213,122200,386.4500000,386.4500000,386.1500000,386.1500000,4620
ROSN,1,20161213,122300,386.1000000,386.4500000,386.0500000,386.4000000,44410
ROSN,1,20161213,122400,386.1500000,386.5000000,386.0500000,386.2000000,61500
ROSN,1,20161213,122500,386.2000000,386.4500000,386.0500000,386.2500000,73610
ROSN,1,20161213,122600,386.1500000,386.3500000,385.5500000,385.8000000,71240
ROSN,1,20161213,122700,386.0000000,386.7500000,385.8500000,386.5500000,16810
ROSN,1,20161213,122800,386.5500000,387.3000000,386.5500000,387.3000000,18740
ROSN,1,20161213,122900,387.1000000,388.2000000,387.0000000,388.2000000,39340
ROSN,1,20161213,123000,388.1500000,388.5000000,387.2000000,387.4500000,8800
ROSN,1,20161213,123100,387.3500000,387.5500000,386.9000000,387.1000000,17430
ROSN,1,20161213,123200,387.1000000,387.6500000,387.0500000,387.6500000,19980
ROSN,1,20161213,123300,387.7000000,387.9500000,387.2500000,387.2500000,9400
ROSN,1,20161213,123400,387.2000000,387.2000000,386.9500000,386.9500000,10970
ROSN,1,20161213,123500,386.9500000,386.9500000,386.7500000,386.7500000,8830
ROSN,1,20161213,123600,386.7500000,386.8500000,386.2000000,386.3000000,104990
ROSN,1,20161213,123700,386.3000000,386.3000000,386.0500000,386.1000000,11930
ROSN,1,20161213,123800,386.1000000,386.5500000,386.1000000,386.5500000,2800
ROSN,1,20161213,123900,386.5500000,386.7500000,386.5000000,386.5000000,1100
ROSN,1,20161213,124000,386.5000000,386.7000000,386.5000000,386.7000000,2170
ROSN,1,20161213,124100,386.6500000,386.9500000,386.6500000,386.9000000,8690
ROSN,1,20161213,124200,386.8500000,386.8500000,386.8500000,386.8500000,20
ROSN,1,20161213,124300,386.7500000,386.9000000,386.6500000,386.9000000,780
ROSN,1,20161213,124400,386.9000000,386.9000000,386.6500000,386.6500000,450
ROSN,1,20161213,124500,386.6500000,386.8000000,386.4500000,386.8000000,3050
ROSN,1,20161213,124600,386.6000000,386.7500000,386.3500000,386.7500000,14260
ROSN,1,20161213,124700,386.6500000,386.6500000,386.3500000,386.3500000,2270
ROSN,1,20161213,124800,386.3000000,386.3500000,386.1500000,386.1500000,12600
ROSN,1,20161213,124900,386.0500000,386.0500000,385.6000000,385.8500000,31900
ROSN,1,20161213,125000,385.6500000,385.8500000,385.5500000,385.8500000,12620
ROSN,1,20161213,125100,385.6500000,385.6500000,385.6000000,385.6000000,7780
ROSN,1,20161213,125200,385.8500000,385.8500000,385.5500000,385.6000000,3510
ROSN,1,20161213,125300,385.8000000,385.8000000,385.5500000,385.6000000,14740
ROSN,1,20161213,125400,385.6000000,385.8000000,385.6000000,385.8000000,2120
ROSN,1,20161213,125500,385.7500000,385.7500000,385.7500000,385.7500000,30
ROSN,1,20161213,125600,385.6000000,385.7500000,385.5500000,385.7500000,1120
ROSN,1,20161213,125700,385.5500000,385.8000000,385.5500000,385.5500000,12210
ROSN,1,20161213,125800,385.5500000,385.5500000,385.5500000,385.5500000,290
ROSN,1,20161213,125900,385.7000000,385.9500000,385.7000000,385.8000000,21900
ROSN,1,20161213,130000,385.8000000,386.4500000,385.8000000,386.4000000,3280
ROSN,1,20161213,130100,386.4500000,386.5000000,386.3000000,386.3000000,630
ROSN,1,20161213,130200,386.2000000,386.2000000,385.6500000,385.6500000,23160
ROSN,1,20161213,130300,385.6000000,385.6500000,385.5500000,385.5500000,22320
ROSN,1,20161213,130400,385.6000000,385.8000000,385.6000000,385.8000000,1500
ROSN,1,20161213,130500,385.9500000,385.9500000,385.7000000,385.7000000,150
ROSN,1,20161213,130600,385.6500000,385.6500000,385.5500000,385.6000000,34200
ROSN,1,20161213,130700,385.6000000,385.6500000,385.5500000,385.6500000,13260
ROSN,1,20161213,130800,385.6500000,385.6500000,385.5500000,385.5500000,3290
ROSN,1,20161213,130900,385.6000000,385.6000000,385.5500000,385.5500000,950
ROSN,1,20161213,131000,385.5500000,385.6500000,385.5500000,385.5500000,4220
ROSN,1,20161213,131100,385.5500000,385.7000000,385.5500000,385.6500000,910
ROSN,1,20161213,131200,385.6500000,386.3500000,385.6000000,386.0000000,27920
ROSN,1,20161213,131300,386.0000000,386.7500000,386.0000000,386.7500000,7330
ROSN,1,20161213,131400,386.5000000,386.6500000,386.4500000,386.6500000,680
ROSN,1,20161213,131500,386.4500000,386.6000000,386.4000000,386.6000000,6200
ROSN,1,20161213,131600,386.5000000,387.0500000,386.4000000,387.0000000,32530
ROSN,1,20161213,131700,387.0500000,387.5000000,386.8500000,387.5000000,12460
ROSN,1,20161213,131800,387.5000000,387.5000000,387.3500000,387.4000000,660
ROSN,1,20161213,131900,387.3500000,387.3500000,386.7000000,387.0000000,16100
ROSN,1,20161213,132000,386.9500000,386.9500000,386.8000000,386.9000000,820
ROSN,1,20161213,132100,386.9000000,386.9000000,385.7500000,386.6500000,30730
ROSN,1,20161213,132200,386.4500000,386.9500000,386.4000000,386.9500000,5170
ROSN,1,20161213,132300,387.0500000,387.5000000,387.0500000,387.2000000,16740
ROSN,1,20161213,132400,387.1000000,387.4000000,387.1000000,387.4000000,2650
ROSN,1,20161213,132500,387.4500000,387.5000000,387.0500000,387.3000000,4500
ROSN,1,20161213,132700,386.9500000,387.0500000,386.6500000,386.6500000,3190
ROSN,1,20161213,132800,386.4000000,386.4000000,386.4000000,386.4000000,10
ROSN,1,20161213,132900,386.4000000,386.4000000,386.4000000,386.4000000,240
ROSN,1,20161213,133000,386.4000000,386.4000000,386.4000000,386.4000000,100
ROSN,1,20161213,133100,386.4000000,386.7000000,386.4000000,386.4000000,2830
ROSN,1,20161213,133200,386.4000000,386.5000000,386.4000000,386.5000000,210
ROSN,1,20161213,133300,386.5000000,386.7000000,386.4500000,386.7000000,1770
ROSN,1,20161213,133400,386.6500000,386.8500000,386.6500000,386.8500000,2700
ROSN,1,20161213,133500,386.8000000,386.9000000,386.7000000,386.7000000,1320
ROSN,1,20161213,133600,386.6500000,387.1000000,386.6500000,387.1000000,1570
ROSN,1,20161213,133700,386.8000000,387.1000000,386.8000000,387.1000000,2120
ROSN,1,20161213,133800,387.0500000,387.5000000,387.0500000,387.3000000,11740
ROSN,1,20161213,133900,387.4500000,387.6500000,387.4500000,387.4500000,1310
ROSN,1,20161213,134000,387.4500000,387.8000000,387.4500000,387.7000000,47250
ROSN,1,20161213,134100,387.7000000,387.7000000,387.4500000,387.7000000,230
ROSN,1,20161213,134200,387.7000000,387.8000000,387.7000000,387.8000000,900
ROSN,1,20161213,134300,387.7500000,388.0000000,387.7000000,387.9500000,3210
ROSN,1,20161213,134400,387.7500000,388.3500000,387.4500000,388.0000000,51380
ROSN,1,20161213,134500,388.2000000,389.0500000,388.2000000,388.7500000,33540
ROSN,1,20161213,134600,388.9500000,388.9500000,388.1500000,388.1500000,15610
ROSN,1,20161213,134700,388.0000000,388.0000000,387.9000000,387.9000000,120
ROSN,1,20161213,134800,387.9000000,387.9000000,387.7000000,387.7500000,870
ROSN,1,20161213,134900,387.9500000,388.1500000,387.7500000,388.1500000,7250
ROSN,1,20161213,135000,388.1000000,388.1000000,388.1000000,388.1000000,20
ROSN,1,20161213,135100,387.8500000,388.0000000,387.8000000,387.8500000,390
ROSN,1,20161213,135200,387.7000000,387.9000000,387.7000000,387.9000000,160
ROSN,1,20161213,135300,388.0000000,388.0000000,388.0000000,388.0000000,210
ROSN,1,20161213,135400,388.0000000,388.1000000,387.7500000,388.0000000,1170
ROSN,1,20161213,135500,388.0000000,388.1000000,387.5000000,387.5000000,16080
ROSN,1,20161213,135600,387.5000000,387.8500000,387.4000000,387.8000000,4000
ROSN,1,20161213,135700,388.0000000,388.1000000,388.0000000,388.1000000,1810
ROSN,1,20161213,135800,388.1000000,388.1000000,388.0000000,388.0500000,920
ROSN,1,20161213,135900,387.9500000,388.4000000,387.9500000,388.1000000,28250
ROSN,1,20161213,140000,388.1000000,388.1000000,388.1000000,388.1000000,100
ROSN,1,20161213,140100,388.4000000,388.4500000,387.9500000,387.9500000,3400
ROSN,1,20161213,140300,388.1000000,388.1000000,387.5500000,387.5500000,18580
ROSN,1,20161213,140400,387.6000000,387.8000000,387.5000000,387.8000000,580
ROSN,1,20161213,140500,387.7000000,387.8500000,387.6000000,387.6000000,450
ROSN,1,20161213,140600,387.7500000,388.9500000,387.7500000,388.1500000,38410
ROSN,1,20161213,140700,388.4500000,388.5000000,388.1000000,388.4500000,2960
ROSN,1,20161213,140800,388.4000000,388.4500000,388.1000000,388.1000000,37730
ROSN,1,20161213,140900,388.0500000,388.2000000,387.8000000,388.0000000,7150
ROSN,1,20161213,141000,388.0000000,388.2000000,388.0000000,388.1000000,8900
ROSN,1,20161213,141100,388.0000000,388.2500000,388.0000000,388.0000000,1670
ROSN,1,20161213,141200,388.0500000,388.1500000,388.0500000,388.0500000,1280
ROSN,1,20161213,141300,388.0000000,388.0000000,387.7000000,387.7000000,11080
ROSN,1,20161213,141400,387.6500000,387.9000000,387.6000000,387.9000000,1950
ROSN,1,20161213,141500,387.6000000,387.9500000,387.5000000,387.9500000,15170
ROSN,1,20161213,141600,387.7500000,387.9000000,387.7500000,387.8000000,1910
ROSN,1,20161213,141700,387.5500000,387.5500000,387.3000000,387.5000000,4060
ROSN,1,20161213,141900,387.3500000,387.5500000,387.1500000,387.5500000,16800
ROSN,1,20161213,142000,387.5500000,387.6500000,387.4500000,387.4500000,1440
ROSN,1,20161213,142100,387.5000000,387.9500000,387.4500000,387.7500000,17830
ROSN,1,20161213,142200,387.9000000,388.0000000,387.9000000,388.0000000,2980
ROSN,1,20161213,142300,388.0000000,388.1500000,387.8000000,388.1500000,18640
ROSN,1,20161213,142400,388.1500000,388.2500000,388.0500000,388.0500000,3090
ROSN,1,20161213,142500,388.2500000,388.6500000,387.9500000,388.6500000,9100
ROSN,1,20161213,142600,388.6500000,388.6500000,388.3500000,388.3500000,3130
ROSN,1,20161213,142700,388.5500000,388.5500000,388.3500000,388.5000000,2890
ROSN,1,20161213,142800,388.3500000,388.4500000,388.3500000,388.3500000,6780
ROSN,1,20161213,142900,388.4500000,388.7000000,388.4500000,388.7000000,3750
ROSN,1,20161213,143000,388.5000000,389.0500000,388.5000000,388.9000000,41730
ROSN,1,20161213,143100,388.8500000,389.0000000,388.8000000,389.0000000,7400
ROSN,1,20161213,143200,388.9000000,389.0000000,388.9000000,389.0000000,3450
ROSN,1,20161213,143300,388.7000000,388.8000000,388.6500000,388.8000000,530
ROSN,1,20161213,143400,388.8000000,388.9500000,388.8000000,388.9000000,4450
ROSN,1,20161213,143500,388.9500000,389.0000000,388.9500000,389.0000000,2700
ROSN,1,20161213,143600,388.9000000,388.9500000,388.5500000,388.8000000,3620
ROSN,1,20161213,143700,388.8000000,388.9500000,388.8000000,388.9000000,4240
ROSN,1,20161213,143800,388.9000000,388.9000000,388.9000000,388.9000000,330
ROSN,1,20161213,143900,388.6500000,388.6500000,388.6500000,388.6500000,700
ROSN,1,20161213,144000,388.5000000,388.5000000,388.2000000,388.3000000,29610
ROSN,1,20161213,144100,388.2500000,388.2500000,387.7000000,387.8000000,19960
ROSN,1,20161213,144200,387.7000000,387.7000000,387.4500000,387.7000000,9290
ROSN,1,20161213,144300,387.7000000,388.0000000,387.5000000,388.0000000,7410
ROSN,1,20161213,144400,387.9000000,387.9500000,387.7000000,387.9000000,210
ROSN,1,20161213,144500,388.0000000,388.0000000,388.0000000,388.0000000,200
ROSN,1,20161213,144600,387.9000000,387.9000000,387.7000000,387.7000000,760
ROSN,1,20161213,144700,387.9000000,387.9000000,387.9000000,387.9000000,120
ROSN,1,20161213,144800,387.9000000,387.9000000,387.6000000,387.6000000,1460
ROSN,1,20161213,144900,387.6000000,387.7500000,387.5000000,387.6000000,7700
ROSN,1,20161213,145000,387.4500000,387.4500000,387.4500000,387.4500000,170
ROSN,1,20161213,145100,387.5500000,387.7500000,387.5000000,387.7500000,1960
ROSN,1,20161213,145200,387.5500000,387.5500000,387.5000000,387.5000000,220
ROSN,1,20161213,145300,387.7500000,387.9000000,387.5000000,387.9000000,4820
ROSN,1,20161213,145400,387.7000000,388.6000000,387.6500000,388.0000000,14300
ROSN,1,20161213,145500,388.0000000,388.1000000,388.0000000,388.1000000,840
ROSN,1,20161213,145600,388.0500000,388.7500000,387.8500000,388.3500000,10610
ROSN,1,20161213,145700,388.6000000,388.8500000,388.3000000,388.7500000,30490
ROSN,1,20161213,145800,388.9000000,389.0000000,388.6500000,388.6500000,4960
ROSN,1,20161213,145900,388.6000000,388.7000000,388.5500000,388.5500000,230
ROSN,1,20161213,150000,388.5500000,388.8000000,388.4500000,388.5000000,11670
ROSN,1,20161213,150100,388.4500000,388.7000000,388.4500000,388.5000000,600
ROSN,1,20161213,150200,388.4500000,388.7500000,388.4500000,388.5000000,2070
ROSN,1,20161213,150300,388.6500000,388.7500000,388.1500000,388.5000000,22120
ROSN,1,20161213,150400,388.6000000,388.6000000,388.1000000,388.1000000,21910
ROSN,1,20161213,150500,388.1000000,388.5500000,387.9500000,387.9500000,25170
ROSN,1,20161213,150600,388.4000000,388.4500000,387.6000000,387.8000000,7260
ROSN,1,20161213,150700,388.0500000,388.1500000,387.8000000,387.8000000,22950
ROSN,1,20161213,150800,388.0500000,388.0500000,387.8000000,387.8000000,60
ROSN,1,20161213,150900,387.9000000,388.3000000,387.5500000,388.3000000,53010
ROSN,1,20161213,151000,388.0500000,388.3500000,388.0000000,388.2000000,6590
ROSN,1,20161213,151100,388.2000000,388.2000000,388.0500000,388.1000000,1150
ROSN,1,20161213,151200,388.0500000,388.0500000,387.5500000,387.5500000,44690
ROSN,1,20161213,151300,387.6500000,387.6500000,387.6500000,387.6500000,740
ROSN,1,20161213,151400,387.6500000,387.9000000,387.6500000,387.8500000,4900
ROSN,1,20161213,151500,388.0000000,388.1000000,387.9000000,387.9000000,5020
ROSN,1,20161213,151600,388.1000000,388.1500000,387.9000000,387.9000000,3340
ROSN,1,20161213,151700,387.8500000,387.8500000,387.5500000,387.6000000,18470
ROSN,1,20161213,151800,387.5500000,388.0500000,387.5500000,387.6500000,3430
ROSN,1,20161213,152000,387.9500000,388.0000000,387.6500000,387.8000000,910
ROSN,1,20161213,152100,388.0000000,388.1500000,387.8000000,388.1500000,1130
ROSN,1,20161213,152200,388.3000000,388.3000000,387.9500000,387.9500000,550
ROSN,1,20161213,152300,387.9500000,388.2000000,387.8000000,387.8500000,2310
ROSN,1,20161213,152400,388.0000000,388.1500000,387.8000000,387.8000000,3000
ROSN,1,20161213,152500,388.1000000,388.8000000,387.8500000,388.6000000,68090
ROSN,1,20161213,152600,388.7500000,388.7500000,388.7000000,388.7500000,4020
ROSN,1,20161213,152700,388.5500000,388.5500000,388.5000000,388.5000000,5900
ROSN,1,20161213,152800,388.5000000,388.5000000,388.2500000,388.2500000,210
ROSN,1,20161213,152900,388.4500000,388.4500000,388.2500000,388.2500000,1110
ROSN,1,20161213,153000,388.4000000,388.5500000,388.2500000,388.2500000,6780
ROSN,1,20161213,153100,388.5000000,388.7000000,388.3000000,388.7000000,10180
ROSN,1,20161213,153200,388.7000000,389.1000000,388.7000000,388.8000000,36090
ROSN,1,20161213,153300,388.8000000,389.0000000,388.8000000,388.9000000,1050
ROSN,1,20161213,153400,388.9000000,389.0000000,388.7500000,388.9000000,10040
ROSN,1,20161213,153500,388.9000000,389.5500000,388.9000000,389.5500000,42270
ROSN,1,20161213,153600,389.5000000,389.6500000,389.2500000,389.2500000,19030
ROSN,1,20161213,153700,389.2500000,389.5000000,389.2500000,389.3000000,5310
ROSN,1,20161213,153800,389.2500000,389.4000000,389.1500000,389.2500000,3840
ROSN,1,20161213,153900,389.2500000,389.3500000,389.2000000,389.3500000,2760
ROSN,1,20161213,154000,389.2000000,389.6000000,389.1500000,389.6000000,21290
ROSN,1,20161213,154100,389.6000000,389.6500000,389.6000000,389.6500000,2210
ROSN,1,20161213,154200,389.5500000,389.6500000,389.3500000,389.3500000,16960
ROSN,1,20161213,154300,389.3000000,389.6000000,389.3000000,389.3500000,3210
ROSN,1,20161213,154400,389.3000000,389.5000000,389.3000000,389.3000000,6380
ROSN,1,20161213,154500,389.3000000,389.6000000,389.0000000,389.6000000,62580
ROSN,1,20161213,154600,389.5000000,389.6000000,389.3000000,389.6000000,3170
ROSN,1,20161213,154700,389.6000000,389.6000000,389.2500000,389.5500000,17280
ROSN,1,20161213,154800,389.5500000,390.0000000,389.5500000,389.5500000,71570
ROSN,1,20161213,154900,389.7500000,389.7500000,389.6000000,389.6000000,540
ROSN,1,20161213,155000,389.5000000,389.5000000,389.3000000,389.3000000,2260
ROSN,1,20161213,155100,389.4500000,389.4500000,389.3500000,389.4000000,1480
ROSN,1,20161213,155200,389.4500000,389.6500000,389.3000000,389.6500000,13530
ROSN,1,20161213,155300,389.6500000,389.7000000,389.3500000,389.6000000,3760
ROSN,1,20161213,155400,389.6500000,389.8500000,389.6000000,389.8000000,6090
ROSN,1,20161213,155500,389.8000000,389.9000000,389.7500000,389.9000000,4080
ROSN,1,20161213,155600,389.9000000,389.9000000,389.8000000,389.8000000,1560
ROSN,1,20161213,155700,389.8000000,389.8500000,389.8000000,389.8000000,880
ROSN,1,20161213,155800,389.8000000,389.8500000,389.7000000,389.7000000,3310
ROSN,1,20161213,155900,389.6500000,390.0000000,389.6500000,389.9500000,14560
ROSN,1,20161213,160000,390.0000000,390.0000000,389.6000000,389.7500000,14570
ROSN,1,20161213,160100,389.8000000,389.8000000,389.7000000,389.7000000,570
ROSN,1,20161213,160200,389.5500000,389.9000000,389.5500000,389.7000000,11520
ROSN,1,20161213,160300,389.6000000,389.9500000,389.6000000,389.9500000,3420
ROSN,1,20161213,160400,389.9000000,389.9500000,389.9000000,389.9500000,450
ROSN,1,20161213,160500,389.9500000,389.9500000,389.7500000,389.9000000,180
ROSN,1,20161213,160600,389.9500000,389.9500000,389.7500000,389.7500000,2870
ROSN,1,20161213,160700,389.9500000,390.0000000,389.9000000,389.9500000,21520
ROSN,1,20161213,160800,389.9000000,390.0000000,389.7500000,390.0000000,5010
ROSN,1,20161213,160900,390.0000000,390.0000000,389.8500000,389.8500000,720
ROSN,1,20161213,161000,389.9500000,390.0000000,389.9500000,390.0000000,1100
ROSN,1,20161213,161100,389.9500000,390.0000000,389.8000000,389.9000000,14180
ROSN,1,20161213,161200,389.9000000,390.0000000,389.9000000,390.0000000,11470
ROSN,1,20161213,161300,390.0000000,390.0000000,389.8500000,389.9500000,40190
ROSN,1,20161213,161400,390.0000000,391.0000000,389.9500000,390.9500000,40080
ROSN,1,20161213,161500,390.7500000,391.0000000,390.7500000,390.7500000,8110
ROSN,1,20161213,161600,390.9500000,391.8500000,390.7500000,391.8000000,71130
ROSN,1,20161213,161700,391.6000000,391.6500000,391.3000000,391.5500000,8300
ROSN,1,20161213,161800,391.4500000,391.5000000,391.3000000,391.5000000,4590
ROSN,1,20161213,161900,391.4500000,391.6000000,391.3500000,391.3500000,2370
ROSN,1,20161213,162000,391.4000000,391.9000000,391.1000000,391.8500000,34560
ROSN,1,20161213,162100,391.8000000,392.1500000,391.7000000,391.7000000,37760
ROSN,1,20161213,162200,391.7000000,391.8000000,391.3000000,391.6000000,7110
ROSN,1,20161213,162300,391.6500000,392.1000000,391.5000000,392.0000000,10570
ROSN,1,20161213,162400,391.8500000,391.9000000,391.5000000,391.8000000,8790
ROSN,1,20161213,162500,391.8000000,392.6500000,391.6000000,392.3500000,57870
ROSN,1,20161213,162600,392.4500000,392.5000000,392.2000000,392.3000000,2760
ROSN,1,20161213,162700,392.2000000,392.4000000,391.9500000,392.3500000,13680
ROSN,1,20161213,162800,392.1500000,392.2500000,392.1000000,392.1000000,5080
ROSN,1,20161213,162900,392.0500000,392.0500000,391.8500000,392.0000000,20370
ROSN,1,20161213,163000,392.0000000,392.0000000,391.8000000,392.0000000,48780
ROSN,1,20161213,163100,392.0000000,392.0000000,391.8000000,391.9000000,15230
ROSN,1,20161213,163200,391.7000000,392.0000000,391.7000000,392.0000000,7180
ROSN,1,20161213,163300,391.9500000,392.0000000,391.8500000,391.8500000,2560
ROSN,1,20161213,163400,392.0000000,392.2000000,391.8000000,392.1000000,23070
ROSN,1,20161213,163500,392.2000000,392.4000000,391.8500000,392.3500000,38250
ROSN,1,20161213,163600,392.3500000,392.3500000,392.0500000,392.3500000,2010
ROSN,1,20161213,163700,392.3000000,392.3000000,392.0000000,392.2000000,2510
ROSN,1,20161213,163800,392.2000000,392.6000000,392.1500000,392.6000000,31860
ROSN,1,20161213,163900,392.6000000,392.8500000,392.5000000,392.5000000,24750
ROSN,1,20161213,164000,392.5000000,393.4500000,392.5000000,393.4000000,42640
ROSN,1,20161213,164100,393.4000000,393.6500000,392.7500000,392.7500000,18450
ROSN,1,20161213,164200,393.0000000,393.1000000,392.7000000,392.8000000,5070
ROSN,1,20161213,164300,392.7500000,393.0000000,392.7000000,393.0000000,6570
ROSN,1,20161213,164400,392.7500000,392.9000000,392.7500000,392.8500000,1310
ROSN,1,20161213,164500,392.8000000,392.9000000,392.7000000,392.9000000,2640
ROSN,1,20161213,164600,392.9000000,392.9000000,392.8500000,392.9000000,5410
ROSN,1,20161213,164700,392.9000000,393.0000000,392.7500000,392.7500000,2430
ROSN,1,20161213,164800,392.7500000,392.9000000,392.7000000,392.7500000,7450
ROSN,1,20161213,164900,392.6500000,392.9500000,392.5500000,392.9000000,3960
ROSN,1,20161213,165000,392.9000000,392.9000000,392.5000000,392.5500000,9410
ROSN,1,20161213,165100,392.6500000,392.8500000,392.6000000,392.7000000,8160
ROSN,1,20161213,165200,392.8500000,393.1500000,392.6500000,392.6500000,12280
ROSN,1,20161213,165300,392.7000000,392.8500000,392.5000000,392.8500000,18490
ROSN,1,20161213,165400,392.8000000,393.2000000,392.8000000,393.2000000,6110
ROSN,1,20161213,165500,393.2000000,393.3000000,393.0500000,393.2000000,15600
ROSN,1,20161213,165600,393.0500000,393.5000000,393.0000000,393.2000000,48790
ROSN,1,20161213,165700,393.0500000,393.4000000,393.0000000,393.1000000,11220
ROSN,1,20161213,165800,393.3000000,393.8500000,393.1000000,393.8500000,33220
ROSN,1,20161213,165900,393.8000000,393.8500000,393.4500000,393.8000000,23570
ROSN,1,20161213,170000,393.6500000,393.8500000,393.6000000,393.6500000,3400
ROSN,1,20161213,170100,393.7000000,394.3000000,393.7000000,394.3000000,60410
ROSN,1,20161213,170200,394.3000000,394.3500000,393.6000000,393.6000000,12420
ROSN,1,20161213,170300,393.7000000,394.3500000,393.7000000,393.8500000,21450
ROSN,1,20161213,170400,394.0000000,394.0500000,393.7500000,393.9500000,6690
ROSN,1,20161213,170500,393.8500000,394.2000000,393.8500000,394.0000000,4720
ROSN,1,20161213,170600,394.1500000,394.1500000,393.9000000,393.9500000,2900
ROSN,1,20161213,170700,394.0000000,394.3000000,393.9000000,394.0500000,18470
ROSN,1,20161213,170800,394.0500000,394.1000000,393.8500000,393.9500000,1460
ROSN,1,20161213,170900,393.9500000,394.3000000,393.9500000,394.0000000,5510
ROSN,1,20161213,171000,394.0000000,394.7500000,394.0000000,394.7500000,18690
ROSN,1,20161213,171100,394.5500000,394.9500000,394.3000000,394.6500000,45160
ROSN,1,20161213,171200,394.7500000,394.9500000,394.6500000,394.8000000,9960
ROSN,1,20161213,171300,394.8000000,394.8000000,394.4500000,394.5500000,14630
ROSN,1,20161213,171400,394.6000000,394.8500000,394.5000000,394.7000000,31580
ROSN,1,20161213,171500,394.7000000,394.7000000,394.6000000,394.7000000,1720
ROSN,1,20161213,171600,394.6500000,394.9500000,394.6500000,394.7000000,16290
ROSN,1,20161213,171700,394.7000000,394.7500000,394.6000000,394.6500000,9360
ROSN,1,20161213,171800,394.7000000,394.9500000,394.6000000,394.9500000,21320
ROSN,1,20161213,171900,394.8500000,394.8500000,394.5000000,394.5000000,3810
ROSN,1,20161213,172000,394.5000000,394.9500000,394.5000000,394.7000000,6900
ROSN,1,20161213,172100,394.8500000,395.0000000,394.6500000,394.8500000,11720
ROSN,1,20161213,172200,394.8500000,395.0000000,394.7000000,394.9500000,31440
ROSN,1,20161213,172300,394.9000000,395.0000000,394.8000000,394.8000000,4610
ROSN,1,20161213,172400,394.9000000,395.0000000,394.8000000,394.8500000,12320
ROSN,1,20161213,172500,394.8500000,394.9500000,394.8000000,394.8000000,9730
ROSN,1,20161213,172600,394.8000000,395.6500000,394.7000000,395.6500000,110330
ROSN,1,20161213,172700,395.5500000,395.8000000,395.5000000,395.8000000,31100
ROSN,1,20161213,172800,395.7500000,395.9500000,395.7500000,395.9500000,20350
ROSN,1,20161213,172900,396.0000000,396.4500000,395.9000000,396.3000000,46880
ROSN,1,20161213,173000,396.3000000,396.8500000,396.3000000,396.7000000,35680
ROSN,1,20161213,173100,396.8000000,397.9000000,396.7000000,397.8500000,89430
ROSN,1,20161213,173200,397.6000000,398.3500000,397.1000000,397.2500000,73160
ROSN,1,20161213,173300,397.6000000,397.6000000,396.3000000,396.4500000,34320
ROSN,1,20161213,173400,396.5000000,396.8000000,395.7000000,395.8000000,69350
ROSN,1,20161213,173500,395.7000000,396.0000000,395.4500000,395.6000000,16490
ROSN,1,20161213,173600,395.5500000,395.9500000,395.3500000,395.8500000,26170
ROSN,1,20161213,173700,395.8500000,396.3000000,395.7500000,395.8000000,29910
ROSN,1,20161213,173800,395.8500000,396.1500000,395.5000000,395.8500000,22940
ROSN,1,20161213,173900,395.7500000,396.3500000,395.6000000,395.6500000,38590
ROSN,1,20161213,174000,395.8500000,396.6500000,395.8500000,396.2000000,32660
ROSN,1,20161213,174100,396.1000000,396.4000000,395.8500000,396.1000000,17680
ROSN,1,20161213,174200,395.9500000,396.0000000,395.6500000,395.8500000,17940
ROSN,1,20161213,174300,395.7500000,396.2500000,395.7000000,396.1500000,26100
ROSN,1,20161213,174400,396.0500000,396.2000000,395.8000000,395.8500000,15860
ROSN,1,20161213,174500,396.1000000,396.4000000,395.7000000,395.7000000,15880
ROSN,1,20161213,174600,395.8000000,395.8500000,394.2000000,394.2500000,128940
ROSN,1,20161213,174700,394.3000000,395.6500000,394.3000000,395.4000000,37920
ROSN,1,20161213,174800,395.4000000,395.4000000,395.0000000,395.0000000,7940
ROSN,1,20161213,174900,395.0000000,395.4500000,394.5000000,395.4000000,34840
ROSN,1,20161213,175000,395.3500000,395.3500000,394.8500000,395.0500000,8640
ROSN,1,20161213,175100,395.0500000,395.9000000,394.5000000,394.7000000,96240
ROSN,1,20161213,175200,394.7000000,395.0000000,394.4500000,394.5500000,39130
ROSN,1,20161213,175300,394.7000000,394.8500000,394.4500000,394.8500000,27440
ROSN,1,20161213,175400,394.9000000,395.0000000,393.7500000,394.5000000,175230
ROSN,1,20161213,175500,394.4000000,394.7000000,394.1500000,394.4000000,34950
ROSN,1,20161213,175600,394.2000000,394.8500000,393.9000000,394.6500000,98280
ROSN,1,20161213,175700,394.7000000,394.7500000,394.4000000,394.4500000,11020
ROSN,1,20161213,175800,394.5000000,394.8500000,394.3500000,394.8500000,19040
ROSN,1,20161213,175900,394.7500000,394.9500000,394.5500000,394.7000000,14920
ROSN,1,20161213,180000,394.7000000,395.0000000,394.6500000,395.0000000,18720
ROSN,1,20161213,180100,394.7500000,395.4500000,394.7500000,395.4500000,75680
ROSN,1,20161213,180200,395.4000000,396.1500000,395.2000000,396.0000000,18310
ROSN,1,20161213,180300,396.0000000,396.2000000,395.7000000,396.2000000,6600
ROSN,1,20161213,180400,396.2000000,396.4500000,395.5000000,395.6000000,22730
ROSN,1,20161213,180500,395.7000000,395.9000000,395.5500000,395.8000000,6830
ROSN,1,20161213,180600,395.9000000,396.1500000,395.7000000,396.1500000,20370
ROSN,1,20161213,180700,396.2000000,396.5500000,396.0000000,396.1500000,20360
ROSN,1,20161213,180800,396.0000000,396.2500000,396.0000000,396.0500000,5590
ROSN,1,20161213,180900,396.0500000,396.3000000,395.6000000,396.0500000,43210
ROSN,1,20161213,181000,396.0000000,396.2500000,395.8000000,396.1000000,25300
ROSN,1,20161213,181100,395.8500000,396.2000000,395.8000000,395.8500000,10020
ROSN,1,20161213,181200,395.8500000,396.3000000,395.6000000,396.3000000,40850
ROSN,1,20161213,181300,396.1500000,396.1500000,395.9500000,395.9500000,7190
ROSN,1,20161213,181400,395.9500000,396.3500000,395.9500000,396.3500000,19020
ROSN,1,20161213,181500,396.3500000,396.9500000,396.2500000,396.4500000,37300
ROSN,1,20161213,181600,396.4000000,396.7000000,396.3500000,396.6000000,11430
ROSN,1,20161213,181700,396.5000000,396.7000000,396.3500000,396.6000000,11720
ROSN,1,20161213,181800,396.7500000,396.9000000,396.6000000,396.6000000,25320
ROSN,1,20161213,181900,396.6000000,397.1000000,396.5500000,397.0000000,22730
ROSN,1,20161213,182000,397.0000000,397.4500000,397.0000000,397.4500000,21610
ROSN,1,20161213,182100,397.5000000,397.6000000,397.2500000,397.4500000,26210
ROSN,1,20161213,182200,397.6500000,397.9000000,397.3500000,397.3500000,44570
ROSN,1,20161213,182300,397.5000000,397.6500000,397.4500000,397.5000000,11110
ROSN,1,20161213,182400,397.5500000,397.6500000,396.9000000,397.6500000,51670
ROSN,1,20161213,182500,397.4500000,398.0000000,397.1000000,397.1500000,36350
ROSN,1,20161213,182600,397.1500000,398.0000000,397.1500000,398.0000000,23320
ROSN,1,20161213,182700,398.0000000,398.2000000,397.7000000,397.8000000,14050
ROSN,1,20161213,182800,397.8000000,397.8500000,397.5500000,397.8000000,12800
ROSN,1,20161213,182900,397.7500000,397.9500000,397.7000000,397.7500000,1390
ROSN,1,20161213,183000,397.7500000,398.1500000,397.7500000,397.9000000,15430
ROSN,1,20161213,183100,397.9000000,399.0000000,397.6000000,398.0000000,104450
ROSN,1,20161213,183200,397.9000000,398.0000000,397.7000000,397.7000000,25720
ROSN,1,20161213,183300,397.6000000,397.9000000,397.5500000,397.5500000,34810
ROSN,1,20161213,183400,397.6000000,397.6000000,397.0000000,397.0000000,16460
ROSN,1,20161213,183500,397.0000000,397.0000000,396.5000000,396.5500000,17330
