SNGS,1,20161213,100100,30.2500000,30.2850000,30.1600000,30.2550000,136400
SNGS,1,20161213,100200,30.2550000,30.2550000,30.1850000,30.2500000,36800
SNGS,1,20161213,100300,30.2000000,30.2500000,30.1950000,30.2400000,36800
SNGS,1,20161213,100400,30.2250000,30.2300000,30.1950000,30.1950000,5700
SNGS,1,20161213,100500,30.2000000,30.2150000,30.1900000,30.1900000,12700
SNGS,1,20161213,100600,30.2100000,30.2500000,30.1900000,30.2500000,20200
SNGS,1,20161213,100700,30.2250000,30.2600000,30.2100000,30.2400000,54000
SNGS,1,20161213,100800,30.2250000,30.3150000,30.2250000,30.2500000,113300
SNGS,1,20161213,100900,30.2300000,30.2600000,30.1900000,30.2100000,129600
SNGS,1,20161213,101000,30.2350000,30.2500000,30.2050000,30.2500000,31400
SNGS,1,20161213,101100,30.2500000,30.2550000,30.2100000,30.2100000,24600
SNGS,1,20161213,101200,30.2200000,30.2450000,30.2200000,30.2400000,6600
SNGS,1,20161213,101300,30.2450000,30.2600000,30.2200000,30.2200000,22100
SNGS,1,20161213,101400,30.2200000,30.2450000,30.2100000,30.2200000,2600
SNGS,1,20161213,101500,30.2150000,30.2150000,30.1950000,30.2000000,25200
SNGS,1,20161213,101600,30.2000000,30.2150000,30.1800000,30.2150000,37300
SNGS,1,20161213,101700,30.1900000,30.2200000,30.1900000,30.2050000,12100
SNGS,1,20161213,101800,30.2050000,30.2100000,30.2050000,30.2100000,5800
SNGS,1,20161213,101900,30.2100000,30.2100000,30.1900000,30.2100000,13000
SNGS,1,20161213,102000,30.2100000,30.2150000,30.1900000,30.2150000,28400
SNGS,1,20161213,102100,30.2150000,30.2200000,30.1900000,30.2150000,28400
SNGS,1,20161213,102200,30.1950000,30.2200000,30.1900000,30.2150000,46700
SNGS,1,20161213,102300,30.2150000,30.2400000,30.2000000,30.2300000,18300
SNGS,1,20161213,102400,30.2250000,30.2250000,30.2250000,30.2250000,7100
SNGS,1,20161213,102500,30.1850000,30.2350000,30.1850000,30.2350000,15800
SNGS,1,20161213,102600,30.2200000,30.2500000,30.2000000,30.2500000,64800
SNGS,1,20161213,102700,30.2400000,30.2500000,30.2000000,30.2000000,57100
SNGS,1,20161213,102800,30.2400000,30.2400000,30.2050000,30.2350000,22100
SNGS,1,20161213,102900,30.2350000,30.2350000,30.2350000,30.2350000,5700
SNGS,1,20161213,103000,30.2300000,30.2300000,30.1650000,30.1850000,139700
SNGS,1,20161213,103100,30.1850000,30.1850000,30.1600000,30.1850000,64000
SNGS,1,20161213,103200,30.1850000,30.2100000,30.1650000,30.1700000,120700
SNGS,1,20161213,103300,30.1950000,30.1950000,30.1650000,30.1650000,12500
SNGS,1,20161213,103500,30.1650000,30.1800000,30.1500000,30.1500000,11500
SNGS,1,20161213,103600,30.1800000,30.2000000,30.1800000,30.1900000,42600
SNGS,1,20161213,103800,30.1800000,30.1800000,30.1750000,30.1750000,1700
SNGS,1,20161213,103900,30.1700000,30.1700000,30.1150000,30.1250000,99900
SNGS,1,20161213,104000,30.1650000,30.1650000,30.1300000,30.1600000,1300
SNGS,1,20161213,104200,30.1650000,30.1900000,30.1600000,30.1900000,23800
SNGS,1,20161213,104300,30.1950000,30.2000000,30.1750000,30.2000000,23600
SNGS,1,20161213,104400,30.1750000,30.2000000,30.1650000,30.2000000,12000
SNGS,1,20161213,104500,30.2000000,30.2150000,30.1850000,30.2150000,29400
SNGS,1,20161213,104600,30.2050000,30.2400000,30.1950000,30.2400000,31200
SNGS,1,20161213,104700,30.2400000,30.2450000,30.1750000,30.1900000,109200
SNGS,1,20161213,104800,30.2000000,30.2000000,30.1750000,30.1750000,3000
SNGS,1,20161213,104900,30.1800000,30.1800000,30.1600000,30.1750000,6100
SNGS,1,20161213,105000,30.1750000,30.1800000,30.1750000,30.1800000,11800
SNGS,1,20161213,105100,30.1800000,30.2050000,30.1800000,30.2050000,46700
SNGS,1,20161213,105200,30.1900000,30.2000000,30.1800000,30.1800000,19200
SNGS,1,20161213,105300,30.1950000,30.1950000,30.1950000,30.1950000,10100
SNGS,1,20161213,105400,30.1950000,30.2400000,30.1850000,30.2400000,155900
SNGS,1,20161213,105500,30.2400000,30.2450000,30.2300000,30.2300000,240900
SNGS,1,20161213,105600,30.2400000,30.2400000,30.1700000,30.1900000,165400
SNGS,1,20161213,105700,30.1900000,30.2200000,30.1900000,30.1950000,11200
SNGS,1,20161213,105800,30.2200000,30.2200000,30.1800000,30.1800000,33300
SNGS,1,20161213,105900,30.1750000,30.2200000,30.1450000,30.2200000,84900
SNGS,1,20161213,110000,30.2000000,30.2200000,30.2000000,30.2000000,1700
SNGS,1,20161213,110100,30.2000000,30.2000000,30.1700000,30.1900000,80100
SNGS,1,20161213,110200,30.1900000,30.2000000,30.1850000,30.2000000,34200
SNGS,1,20161213,110300,30.1950000,30.2000000,30.1850000,30.2000000,17000
SNGS,1,20161213,110400,30.2000000,30.2350000,30.2000000,30.2350000,26000
SNGS,1,20161213,110500,30.2350000,30.2350000,30.2200000,30.2350000,9100
SNGS,1,20161213,110600,30.2350000,30.2400000,30.2200000,30.2350000,22600
SNGS,1,20161213,110700,30.2350000,30.2500000,30.2350000,30.2500000,31100
SNGS,1,20161213,110800,30.2500000,30.2750000,30.2500000,30.2550000,124200
SNGS,1,20161213,110900,30.2450000,30.2750000,30.2450000,30.2750000,18800
SNGS,1,20161213,111000,30.2750000,30.3000000,30.2700000,30.3000000,157400
SNGS,1,20161213,111100,30.2750000,30.3000000,30.2750000,30.3000000,35200
SNGS,1,20161213,111200,30.2950000,30.3000000,30.2750000,30.2950000,17600
SNGS,1,20161213,111300,30.2950000,30.3000000,30.2950000,30.2950000,28200
SNGS,1,20161213,111400,30.2950000,30.3250000,30.2950000,30.3050000,81200
SNGS,1,20161213,111500,30.3150000,30.3250000,30.3050000,30.3050000,53200
SNGS,1,20161213,111600,30.3100000,30.3350000,30.3050000,30.3300000,23400
SNGS,1,20161213,111700,30.3300000,30.3700000,30.3100000,30.3350000,88800
SNGS,1,20161213,111800,30.3150000,30.3350000,30.3150000,30.3150000,2400
SNGS,1,20161213,111900,30.3150000,30.3250000,30.2750000,30.3250000,42400
SNGS,1,20161213,112000,30.3050000,30.3050000,30.2950000,30.2950000,2000
SNGS,1,20161213,112100,30.2850000,30.2950000,30.2800000,30.2950000,10000
SNGS,1,20161213,112200,30.2950000,30.3000000,30.2900000,30.2950000,26200
SNGS,1,20161213,112300,30.2950000,30.3500000,30.2950000,30.3200000,57000
SNGS,1,20161213,112400,30.3250000,30.3650000,30.3050000,30.3650000,51900
SNGS,1,20161213,112500,30.3550000,30.3850000,30.3550000,30.3600000,79800
SNGS,1,20161213,112600,30.3750000,30.3800000,30.3600000,30.3750000,16900
SNGS,1,20161213,112700,30.3800000,30.3900000,30.3650000,30.3900000,23200
SNGS,1,20161213,112800,30.3900000,30.3900000,30.3650000,30.3800000,28100
SNGS,1,20161213,112900,30.3900000,30.3900000,30.3700000,30.3850000,12800
SNGS,1,20161213,113000,30.3850000,30.4100000,30.3700000,30.4000000,240900
SNGS,1,20161213,113100,30.4050000,30.4350000,30.3950000,30.4350000,124900
SNGS,1,20161213,113200,30.4350000,30.4450000,30.4100000,30.4400000,68400
SNGS,1,20161213,113300,30.4150000,30.4450000,30.4100000,30.4450000,45500
SNGS,1,20161213,113400,30.4450000,30.4700000,30.4400000,30.4500000,71700
SNGS,1,20161213,113500,30.4250000,30.4600000,30.4100000,30.4250000,33000
SNGS,1,20161213,113600,30.4450000,30.4450000,30.4100000,30.4100000,11100
SNGS,1,20161213,113700,30.4100000,30.4600000,30.4100000,30.4100000,51600
SNGS,1,20161213,113800,30.4100000,30.4450000,30.4000000,30.4400000,76700
SNGS,1,20161213,113900,30.4100000,30.4100000,30.3950000,30.3950000,30800
SNGS,1,20161213,114000,30.3950000,30.4050000,30.3250000,30.3250000,184600
SNGS,1,20161213,114100,30.3400000,30.3450000,30.3150000,30.3150000,64900
SNGS,1,20161213,114200,30.3150000,30.3300000,30.2900000,30.2900000,51400
SNGS,1,20161213,114300,30.3100000,30.3100000,30.2900000,30.3100000,34800
SNGS,1,20161213,114400,30.3250000,30.3700000,30.3100000,30.3700000,33900
SNGS,1,20161213,114500,30.3600000,30.3750000,30.3550000,30.3750000,37700
SNGS,1,20161213,114600,30.3750000,30.4000000,30.3700000,30.3850000,21900
SNGS,1,20161213,114700,30.4000000,30.4600000,30.4000000,30.4550000,62100
SNGS,1,20161213,114800,30.4600000,30.5000000,30.4600000,30.4900000,151800
SNGS,1,20161213,114900,30.5000000,30.5000000,30.4500000,30.4750000,43400
SNGS,1,20161213,115000,30.4750000,30.5000000,30.4700000,30.5000000,59500
SNGS,1,20161213,115100,30.4800000,30.4900000,30.4550000,30.4550000,65200
SNGS,1,20161213,115200,30.4800000,30.4800000,30.4450000,30.4500000,82200
SNGS,1,20161213,115300,30.4350000,30.4900000,30.4250000,30.4900000,128400
SNGS,1,20161213,115400,30.4650000,30.4950000,30.4650000,30.4850000,174900
SNGS,1,20161213,115500,30.4850000,30.4900000,30.4500000,30.4500000,37200
SNGS,1,20161213,115600,30.4450000,30.4800000,30.4200000,30.4800000,50100
SNGS,1,20161213,115700,30.4800000,30.4800000,30.4450000,30.4450000,19100
SNGS,1,20161213,115800,30.4800000,30.4950000,30.4600000,30.4900000,101400
SNGS,1,20161213,115900,30.4850000,30.4900000,30.4700000,30.4900000,28700
SNGS,1,20161213,120000,30.4900000,30.4900000,30.4600000,30.4800000,40600
SNGS,1,20161213,120100,30.4650000,30.4900000,30.4500000,30.4900000,71400
SNGS,1,20161213,120200,30.4750000,30.4900000,30.4600000,30.4700000,49600
SNGS,1,20161213,120300,30.4600000,30.4650000,30.4300000,30.4650000,11500
SNGS,1,20161213,120400,30.4650000,30.4650000,30.4500000,30.4650000,10800
SNGS,1,20161213,120500,30.4650000,30.4850000,30.4500000,30.4500000,36400
SNGS,1,20161213,120600,30.4850000,30.4900000,30.4600000,30.4600000,23000
SNGS,1,20161213,120700,30.4800000,30.4900000,30.4600000,30.4850000,23100
SNGS,1,20161213,120800,30.4850000,30.4900000,30.4750000,30.4900000,94700
SNGS,1,20161213,120900,30.4900000,30.4900000,30.4850000,30.4900000,59700
SNGS,1,20161213,121000,30.4900000,30.4900000,30.4750000,30.4900000,25400
SNGS,1,20161213,121100,30.4900000,30.4900000,30.4800000,30.4900000,15900
SNGS,1,20161213,121200,30.4850000,30.4850000,30.4600000,30.4650000,144700
SNGS,1,20161213,121300,30.4500000,30.4650000,30.4500000,30.4650000,44800
SNGS,1,20161213,121400,30.4650000,30.4850000,30.4650000,30.4800000,87400
SNGS,1,20161213,121500,30.4850000,30.4900000,30.4650000,30.4650000,1200
SNGS,1,20161213,121600,30.4600000,30.4850000,30.4600000,30.4850000,11800
SNGS,1,20161213,121700,30.4600000,30.4850000,30.4500000,30.4700000,46400
SNGS,1,20161213,121800,30.4500000,30.4500000,30.4350000,30.4400000,66300
SNGS,1,20161213,121900,30.4400000,30.4500000,30.4150000,30.4200000,120300
SNGS,1,20161213,122000,30.4200000,30.4400000,30.4150000,30.4400000,61500
SNGS,1,20161213,122100,30.4200000,30.4400000,30.4200000,30.4200000,20100
SNGS,1,20161213,122200,30.4150000,30.4200000,30.4100000,30.4150000,17600
SNGS,1,20161213,122300,30.4200000,30.4800000,30.4200000,30.4600000,111100
SNGS,1,20161213,122400,30.4500000,30.4850000,30.4400000,30.4800000,53100
SNGS,1,20161213,122500,30.4800000,30.4900000,30.4500000,30.4800000,97300
SNGS,1,20161213,122600,30.4800000,30.4950000,30.4750000,30.4950000,68300
SNGS,1,20161213,122700,30.4750000,30.4900000,30.4700000,30.4900000,101000
SNGS,1,20161213,122800,30.4900000,30.4900000,30.4600000,30.4850000,105400
SNGS,1,20161213,122900,30.4850000,30.4900000,30.4850000,30.4900000,87000
SNGS,1,20161213,123000,30.4850000,30.4950000,30.4650000,30.4900000,184800
SNGS,1,20161213,123100,30.4750000,30.4900000,30.4750000,30.4900000,36800
SNGS,1,20161213,123200,30.4900000,30.4950000,30.4700000,30.4700000,24300
SNGS,1,20161213,123300,30.4650000,30.4650000,30.4400000,30.4450000,122700
SNGS,1,20161213,123400,30.4400000,30.4450000,30.4100000,30.4250000,13800
SNGS,1,20161213,123500,30.4250000,30.4350000,30.4250000,30.4350000,13300
SNGS,1,20161213,123600,30.4300000,30.4300000,30.4250000,30.4250000,800
SNGS,1,20161213,123700,30.4300000,30.4300000,30.3900000,30.4250000,33400
SNGS,1,20161213,123800,30.4100000,30.4400000,30.4050000,30.4400000,33500
SNGS,1,20161213,123900,30.4350000,30.4500000,30.4250000,30.4500000,3700
SNGS,1,20161213,124000,30.4350000,30.4450000,30.4300000,30.4350000,9800
SNGS,1,20161213,124100,30.4400000,30.4450000,30.4200000,30.4400000,9000
SNGS,1,20161213,124300,30.4400000,30.4400000,30.4200000,30.4200000,400
SNGS,1,20161213,124400,30.4200000,30.4400000,30.4150000,30.4400000,1200
SNGS,1,20161213,124500,30.4400000,30.4400000,30.4400000,30.4400000,15000
SNGS,1,20161213,124600,30.4400000,30.4500000,30.4400000,30.4500000,35500
SNGS,1,20161213,124700,30.4500000,30.4500000,30.4150000,30.4150000,8400
SNGS,1,20161213,124800,30.4400000,30.4400000,30.4400000,30.4400000,100
SNGS,1,20161213,124900,30.4300000,30.4400000,30.4250000,30.4250000,8800
SNGS,1,20161213,125000,30.4250000,30.4250000,30.3900000,30.4200000,61200
SNGS,1,20161213,125100,30.4200000,30.4200000,30.3900000,30.4200000,37000
SNGS,1,20161213,125200,30.3950000,30.4050000,30.3850000,30.3850000,31100
SNGS,1,20161213,125300,30.4050000,30.4050000,30.3700000,30.4050000,60900
SNGS,1,20161213,125400,30.3750000,30.3900000,30.3700000,30.3900000,69100
SNGS,1,20161213,125500,30.3650000,30.3650000,30.2650000,30.2900000,148600
SNGS,1,20161213,125600,30.2800000,30.2800000,30.2550000,30.2550000,25100
SNGS,1,20161213,125700,30.2950000,30.3050000,30.2950000,30.3050000,34400
SNGS,1,20161213,125800,30.3250000,30.3250000,30.3200000,30.3200000,7200
SNGS,1,20161213,125900,30.3200000,30.3200000,30.3200000,30.3200000,1000
SNGS,1,20161213,130000,30.3350000,30.3500000,30.3350000,30.3500000,42600
SNGS,1,20161213,130100,30.3500000,30.3500000,30.3300000,30.3350000,29700
SNGS,1,20161213,130200,30.3300000,30.3300000,30.3200000,30.3250000,47400
SNGS,1,20161213,130300,30.3100000,30.3100000,30.2850000,30.2850000,34400
SNGS,1,20161213,130400,30.2950000,30.2950000,30.2950000,30.2950000,100
SNGS,1,20161213,130600,30.2950000,30.2950000,30.2950000,30.2950000,200
SNGS,1,20161213,130900,30.2950000,30.2950000,30.2700000,30.2700000,25100
SNGS,1,20161213,131000,30.2700000,30.2950000,30.2700000,30.2950000,36000
SNGS,1,20161213,131100,30.2800000,30.2800000,30.2800000,30.2800000,10000
SNGS,1,20161213,131200,30.2950000,30.2950000,30.2950000,30.2950000,1100
SNGS,1,20161213,131300,30.2950000,30.3000000,30.2950000,30.3000000,58200
SNGS,1,20161213,131400,30.3000000,30.3000000,30.3000000,30.3000000,3500
SNGS,1,20161213,131500,30.3000000,30.3250000,30.3000000,30.3250000,44600
SNGS,1,20161213,131600,30.3250000,30.3450000,30.3250000,30.3450000,62000
SNGS,1,20161213,131700,30.3450000,30.3450000,30.3050000,30.3450000,36900
SNGS,1,20161213,131800,30.3450000,30.3450000,30.3450000,30.3450000,3000
SNGS,1,20161213,131900,30.3350000,30.3400000,30.3350000,30.3400000,10000
SNGS,1,20161213,132000,30.3400000,30.3400000,30.3000000,30.3000000,15500
SNGS,1,20161213,132100,30.3150000,30.3150000,30.2850000,30.3000000,27100
SNGS,1,20161213,132200,30.3100000,30.3250000,30.3100000,30.3150000,10400
SNGS,1,20161213,132300,30.3300000,30.3400000,30.3300000,30.3400000,17500
SNGS,1,20161213,132400,30.3400000,30.3400000,30.3400000,30.3400000,10100
SNGS,1,20161213,132500,30.3400000,30.3400000,30.3400000,30.3400000,3400
SNGS,1,20161213,132700,30.3350000,30.3500000,30.3150000,30.3500000,2100
SNGS,1,20161213,133000,30.3400000,30.3450000,30.3400000,30.3400000,8700
SNGS,1,20161213,133100,30.3400000,30.3450000,30.3400000,30.3450000,13000
SNGS,1,20161213,133200,30.3450000,30.3500000,30.3300000,30.3400000,92800
SNGS,1,20161213,133300,30.3450000,30.3450000,30.3450000,30.3450000,13500
SNGS,1,20161213,133400,30.3400000,30.3500000,30.3150000,30.3500000,38200
SNGS,1,20161213,133500,30.3500000,30.3500000,30.3500000,30.3500000,71000
SNGS,1,20161213,133600,30.3450000,30.3500000,30.3450000,30.3500000,10500
SNGS,1,20161213,133700,30.3350000,30.3450000,30.3300000,30.3450000,15500
SNGS,1,20161213,133800,30.3450000,30.3500000,30.3450000,30.3500000,11000
SNGS,1,20161213,133900,30.3450000,30.3450000,30.3300000,30.3300000,1400
SNGS,1,20161213,134000,30.3350000,30.3450000,30.3350000,30.3450000,7800
SNGS,1,20161213,134200,30.3450000,30.3450000,30.3450000,30.3450000,6500
SNGS,1,20161213,134300,30.3450000,30.3450000,30.3450000,30.3450000,6500
SNGS,1,20161213,134400,30.3450000,30.3450000,30.3400000,30.3400000,700
SNGS,1,20161213,134500,30.3450000,30.3500000,30.3450000,30.3500000,16900
SNGS,1,20161213,134600,30.3500000,30.3500000,30.3500000,30.3500000,7000
SNGS,1,20161213,134700,30.3350000,30.3350000,30.3200000,30.3200000,10600
SNGS,1,20161213,134800,30.3200000,30.3200000,30.3200000,30.3200000,200
SNGS,1,20161213,134900,30.3450000,30.3500000,30.3450000,30.3450000,9500
SNGS,1,20161213,135000,30.3450000,30.3450000,30.3450000,30.3450000,200
SNGS,1,20161213,135100,30.3450000,30.3450000,30.3050000,30.3050000,25200
SNGS,1,20161213,135200,30.3100000,30.3400000,30.3050000,30.3400000,12900
SNGS,1,20161213,135300,30.3400000,30.3450000,30.3400000,30.3450000,1500
SNGS,1,20161213,135400,30.3250000,30.3250000,30.3250000,30.3250000,5000
SNGS,1,20161213,135500,30.3250000,30.3250000,30.3000000,30.3000000,16700
SNGS,1,20161213,135600,30.3000000,30.3200000,30.3000000,30.3050000,12900
SNGS,1,20161213,135700,30.3250000,30.3250000,30.3250000,30.3250000,13300
SNGS,1,20161213,135800,30.3300000,30.3300000,30.3300000,30.3300000,7000
SNGS,1,20161213,135900,30.3300000,30.3500000,30.3250000,30.3250000,23600
SNGS,1,20161213,140000,30.3450000,30.3450000,30.3250000,30.3250000,400
SNGS,1,20161213,140100,30.3250000,30.3250000,30.3250000,30.3250000,100
SNGS,1,20161213,140400,30.3350000,30.3400000,30.3350000,30.3400000,2200
SNGS,1,20161213,140500,30.3400000,30.3400000,30.3350000,30.3350000,2300
SNGS,1,20161213,140600,30.3400000,30.3500000,30.3400000,30.3500000,339300
SNGS,1,20161213,140700,30.3500000,30.3900000,30.3450000,30.3900000,101800
SNGS,1,20161213,140800,30.3900000,30.4300000,30.3650000,30.4300000,84300
SNGS,1,20161213,140900,30.4100000,30.4300000,30.3800000,30.4050000,133200
SNGS,1,20161213,141000,30.3850000,30.3850000,30.3800000,30.3800000,4800
SNGS,1,20161213,141100,30.3900000,30.4000000,30.3650000,30.3650000,23300
SNGS,1,20161213,141300,30.3700000,30.3700000,30.3700000,30.3700000,1200
SNGS,1,20161213,141400,30.3850000,30.3850000,30.3850000,30.3850000,900
SNGS,1,20161213,141500,30.3600000,30.3600000,30.3500000,30.3500000,8000
SNGS,1,20161213,141600,30.3850000,30.4250000,30.3850000,30.4250000,51200
SNGS,1,20161213,141700,30.4300000,30.4300000,30.4100000,30.4100000,30600
SNGS,1,20161213,141800,30.4300000,30.4300000,30.4150000,30.4200000,45900
SNGS,1,20161213,141900,30.4200000,30.4300000,30.4150000,30.4300000,51200
SNGS,1,20161213,142000,30.4300000,30.4350000,30.4300000,30.4350000,28900
SNGS,1,20161213,142100,30.4350000,30.4400000,30.4300000,30.4300000,20100
SNGS,1,20161213,142200,30.4400000,30.4500000,30.4350000,30.4500000,23600
SNGS,1,20161213,142300,30.4500000,30.4950000,30.4400000,30.4950000,95900
SNGS,1,20161213,142400,30.4950000,30.4950000,30.4850000,30.4850000,40600
SNGS,1,20161213,142500,30.4850000,30.5000000,30.4850000,30.5000000,63300
SNGS,1,20161213,142600,30.4950000,30.5000000,30.4950000,30.5000000,22800
SNGS,1,20161213,142700,30.4950000,30.5050000,30.4900000,30.5050000,64100
SNGS,1,20161213,142900,30.4950000,30.5000000,30.4850000,30.4850000,6700
SNGS,1,20161213,143000,30.4850000,30.4900000,30.4800000,30.4800000,15600
SNGS,1,20161213,143100,30.4900000,30.5100000,30.4900000,30.5100000,47600
SNGS,1,20161213,143200,30.5000000,30.5200000,30.5000000,30.5200000,55700
SNGS,1,20161213,143300,30.5200000,30.5300000,30.5050000,30.5300000,18000
SNGS,1,20161213,143400,30.5300000,30.5500000,30.5200000,30.5200000,50000
SNGS,1,20161213,143500,30.5500000,30.5500000,30.5250000,30.5250000,19100
SNGS,1,20161213,143600,30.5100000,30.5250000,30.5050000,30.5250000,39400
SNGS,1,20161213,143700,30.5250000,30.5400000,30.5200000,30.5400000,34000
SNGS,1,20161213,143800,30.5400000,30.5400000,30.5100000,30.5100000,3600
SNGS,1,20161213,143900,30.5350000,30.5450000,30.5300000,30.5300000,4900
SNGS,1,20161213,144000,30.5250000,30.5500000,30.5200000,30.5500000,25000
SNGS,1,20161213,144100,30.5500000,30.5500000,30.5250000,30.5250000,4700
SNGS,1,20161213,144200,30.5400000,30.5400000,30.5050000,30.5400000,35200
SNGS,1,20161213,144300,30.5400000,30.5500000,30.5400000,30.5500000,57700
SNGS,1,20161213,144400,30.5500000,30.5500000,30.5500000,30.5500000,50000
SNGS,1,20161213,144500,30.5400000,30.5500000,30.5350000,30.5350000,9700
SNGS,1,20161213,144600,30.5300000,30.5300000,30.5300000,30.5300000,13600
SNGS,1,20161213,144700,30.5150000,30.5150000,30.5000000,30.5000000,12300
SNGS,1,20161213,144800,30.5000000,30.5050000,30.5000000,30.5050000,9500
SNGS,1,20161213,144900,30.5050000,30.5050000,30.4700000,30.5000000,39700
SNGS,1,20161213,145000,30.5000000,30.5150000,30.5000000,30.5150000,32700
SNGS,1,20161213,145200,30.4750000,30.5300000,30.4750000,30.5000000,11300
SNGS,1,20161213,145300,30.5250000,30.5350000,30.4900000,30.5300000,49500
SNGS,1,20161213,145400,30.5350000,30.5500000,30.5350000,30.5450000,28900
SNGS,1,20161213,145500,30.5200000,30.5400000,30.5150000,30.5400000,31000
SNGS,1,20161213,145600,30.5450000,30.5500000,30.5150000,30.5500000,207300
SNGS,1,20161213,145700,30.5500000,30.5600000,30.5350000,30.5550000,24100
SNGS,1,20161213,145800,30.5550000,30.5550000,30.5300000,30.5550000,37500
SNGS,1,20161213,145900,30.5300000,30.5300000,30.5200000,30.5200000,3400
SNGS,1,20161213,150000,30.5250000,30.5400000,30.5100000,30.5400000,34500
SNGS,1,20161213,150200,30.5400000,30.5400000,30.5150000,30.5150000,9200
SNGS,1,20161213,150300,30.5050000,30.5150000,30.4700000,30.5150000,85100
SNGS,1,20161213,150400,30.5000000,30.5000000,30.5000000,30.5000000,1300
SNGS,1,20161213,150500,30.5150000,30.5200000,30.4750000,30.4750000,64000
SNGS,1,20161213,150600,30.4950000,30.4950000,30.4450000,30.4950000,85600
SNGS,1,20161213,150700,30.4900000,30.5250000,30.4900000,30.5250000,56000
SNGS,1,20161213,150900,30.4900000,30.5300000,30.4800000,30.5250000,17000
SNGS,1,20161213,151000,30.5250000,30.5350000,30.5250000,30.5350000,9000
SNGS,1,20161213,151100,30.5300000,30.5300000,30.4850000,30.4850000,8900
SNGS,1,20161213,151200,30.4800000,30.4800000,30.4650000,30.4650000,5200
SNGS,1,20161213,151300,30.4700000,30.4700000,30.4650000,30.4650000,3900
SNGS,1,20161213,151400,30.4600000,30.5000000,30.4600000,30.5000000,18800
SNGS,1,20161213,151500,30.5050000,30.5100000,30.4800000,30.4950000,8000
SNGS,1,20161213,151600,30.5000000,30.5050000,30.4750000,30.4750000,16000
SNGS,1,20161213,151700,30.4700000,30.5000000,30.4700000,30.5000000,14300
SNGS,1,20161213,151800,30.4950000,30.4950000,30.4950000,30.4950000,18700
SNGS,1,20161213,152000,30.4700000,30.4700000,30.4650000,30.4650000,10000
SNGS,1,20161213,152100,30.4650000,30.4950000,30.4650000,30.4950000,6900
SNGS,1,20161213,152300,30.4900000,30.4900000,30.4900000,30.4900000,13500
SNGS,1,20161213,152400,30.4900000,30.4950000,30.4900000,30.4900000,18300
SNGS,1,20161213,152500,30.4950000,30.5000000,30.4300000,30.4300000,54900
SNGS,1,20161213,152800,30.4400000,30.4400000,30.4400000,30.4400000,100
SNGS,1,20161213,152900,30.4600000,30.4600000,30.4500000,30.4600000,1900
SNGS,1,20161213,153000,30.4600000,30.4600000,30.4600000,30.4600000,16900
SNGS,1,20161213,153100,30.4600000,30.5000000,30.4600000,30.4650000,165300
SNGS,1,20161213,153200,30.4900000,30.4900000,30.4500000,30.4800000,9600
SNGS,1,20161213,153300,30.4800000,30.4950000,30.4600000,30.4950000,109800
SNGS,1,20161213,153400,30.4550000,30.4900000,30.4100000,30.4100000,117800
SNGS,1,20161213,153500,30.4100000,30.4100000,30.4100000,30.4100000,100
SNGS,1,20161213,153600,30.4600000,30.4600000,30.4600000,30.4600000,100
SNGS,1,20161213,153700,30.4600000,30.4600000,30.4600000,30.4600000,100
SNGS,1,20161213,153900,30.4400000,30.4650000,30.4300000,30.4650000,17000
SNGS,1,20161213,154000,30.4650000,30.4650000,30.4650000,30.4650000,30700
SNGS,1,20161213,154100,30.4600000,30.4800000,30.4600000,30.4800000,11000
SNGS,1,20161213,154200,30.4800000,30.4800000,30.4800000,30.4800000,16700
SNGS,1,20161213,154300,30.4800000,30.4800000,30.4750000,30.4750000,14100
SNGS,1,20161213,154500,30.4750000,30.4850000,30.4750000,30.4750000,7700
SNGS,1,20161213,154600,30.4750000,30.4800000,30.4750000,30.4800000,7500
SNGS,1,20161213,154700,30.4800000,30.4900000,30.4800000,30.4900000,17600
SNGS,1,20161213,154800,30.4900000,30.4900000,30.4900000,30.4900000,500
SNGS,1,20161213,155000,30.4650000,30.4650000,30.4650000,30.4650000,300
SNGS,1,20161213,155100,30.4600000,30.4800000,30.4600000,30.4800000,40700
SNGS,1,20161213,155200,30.4950000,30.4950000,30.4800000,30.4800000,33400
SNGS,1,20161213,155300,30.4700000,30.4700000,30.4400000,30.4600000,2700
SNGS,1,20161213,155400,30.4450000,30.4450000,30.4400000,30.4400000,2000
SNGS,1,20161213,155600,30.4450000,30.4750000,30.4400000,30.4750000,62100
SNGS,1,20161213,155700,30.4750000,30.4750000,30.4700000,30.4700000,1200
SNGS,1,20161213,155800,30.4700000,30.4700000,30.4700000,30.4700000,100
SNGS,1,20161213,155900,30.4700000,30.4700000,30.4600000,30.4600000,400
SNGS,1,20161213,160000,30.4500000,30.4700000,30.4300000,30.4300000,10700
SNGS,1,20161213,160100,30.4450000,30.4450000,30.4100000,30.4300000,21200
SNGS,1,20161213,160200,30.4050000,30.4050000,30.3800000,30.4000000,100800
SNGS,1,20161213,160300,30.4000000,30.4100000,30.3850000,30.3850000,21700
SNGS,1,20161213,160400,30.4100000,30.4100000,30.3850000,30.3850000,6700
SNGS,1,20161213,160600,30.4100000,30.4100000,30.3850000,30.3850000,18100
SNGS,1,20161213,160700,30.4100000,30.4100000,30.3700000,30.3800000,74000
SNGS,1,20161213,160800,30.4050000,30.4050000,30.3800000,30.3800000,8000
SNGS,1,20161213,160900,30.4050000,30.4050000,30.3800000,30.3800000,3300
SNGS,1,20161213,161000,30.4100000,30.4100000,30.3800000,30.4050000,12500
SNGS,1,20161213,161100,30.4050000,30.4100000,30.3850000,30.3900000,11400
SNGS,1,20161213,161300,30.3950000,30.4000000,30.3800000,30.3800000,6000
SNGS,1,20161213,161400,30.4000000,30.4400000,30.4000000,30.4000000,136500
SNGS,1,20161213,161500,30.4400000,30.4450000,30.4000000,30.4150000,7500
SNGS,1,20161213,161600,30.4450000,30.4500000,30.4150000,30.4200000,62300
SNGS,1,20161213,161700,30.4500000,30.4500000,30.4200000,30.4200000,32400
SNGS,1,20161213,161800,30.4500000,30.4500000,30.4500000,30.4500000,100
SNGS,1,20161213,161900,30.4450000,30.4450000,30.4250000,30.4300000,300
SNGS,1,20161213,162000,30.4450000,30.4500000,30.4300000,30.4350000,33000
SNGS,1,20161213,162100,30.4500000,30.4500000,30.4350000,30.4350000,1900
SNGS,1,20161213,162200,30.4350000,30.4450000,30.4300000,30.4300000,8000
SNGS,1,20161213,162300,30.4450000,30.4500000,30.4300000,30.4350000,28100
SNGS,1,20161213,162400,30.4500000,30.4500000,30.4250000,30.4500000,45900
SNGS,1,20161213,162500,30.4500000,30.4600000,30.4350000,30.4400000,158700
SNGS,1,20161213,162600,30.4400000,30.4400000,30.4200000,30.4200000,1900
SNGS,1,20161213,162700,30.4200000,30.4450000,30.4100000,30.4200000,12300
SNGS,1,20161213,162800,30.4400000,30.4400000,30.4050000,30.4050000,7400
SNGS,1,20161213,162900,30.4100000,30.4300000,30.4050000,30.4100000,22000
SNGS,1,20161213,163000,30.4250000,30.4300000,30.4000000,30.4250000,76200
SNGS,1,20161213,163100,30.4250000,30.4350000,30.4000000,30.4150000,92600
SNGS,1,20161213,163200,30.4150000,30.4150000,30.4000000,30.4000000,37800
SNGS,1,20161213,163300,30.4050000,30.4050000,30.4000000,30.4000000,68600
SNGS,1,20161213,163400,30.4100000,30.4100000,30.3450000,30.3800000,297300
SNGS,1,20161213,163500,30.3800000,30.3800000,30.3500000,30.3750000,21500
SNGS,1,20161213,163600,30.3550000,30.3750000,30.3500000,30.3500000,16400
SNGS,1,20161213,163700,30.3650000,30.3850000,30.3550000,30.3600000,18200
SNGS,1,20161213,163800,30.3600000,30.3850000,30.3500000,30.3800000,72500
SNGS,1,20161213,163900,30.3800000,30.4750000,30.3500000,30.4450000,127400
SNGS,1,20161213,164000,30.4700000,30.4900000,30.4550000,30.4850000,27800
SNGS,1,20161213,164100,30.4900000,30.4900000,30.4750000,30.4750000,2100
SNGS,1,20161213,164200,30.4850000,30.4850000,30.4850000,30.4850000,5100
SNGS,1,20161213,164300,30.4900000,30.5050000,30.4850000,30.5000000,29600
SNGS,1,20161213,164400,30.4950000,30.4950000,30.4600000,30.4700000,34700
SNGS,1,20161213,164500,30.4700000,30.4900000,30.4600000,30.4900000,95200
SNGS,1,20161213,164600,30.4900000,30.5150000,30.4900000,30.5150000,50900
SNGS,1,20161213,164700,30.5150000,30.5150000,30.4950000,30.4950000,8300
SNGS,1,20161213,164800,30.5150000,30.5150000,30.4950000,30.4950000,200
SNGS,1,20161213,164900,30.4750000,30.5150000,30.4750000,30.5150000,15000
SNGS,1,20161213,165000,30.5150000,30.5150000,30.4900000,30.5150000,21400
SNGS,1,20161213,165100,30.5150000,30.5350000,30.5000000,30.5200000,46100
SNGS,1,20161213,165200,30.5200000,30.5700000,30.5200000,30.5500000,212000
SNGS,1,20161213,165300,30.5500000,30.5600000,30.5300000,30.5500000,8500
SNGS,1,20161213,165400,30.5500000,30.5650000,30.5350000,30.5500000,59600
SNGS,1,20161213,165500,30.5500000,30.5750000,30.5350000,30.5600000,37300
SNGS,1,20161213,165600,30.5600000,30.5600000,30.5550000,30.5550000,2800
SNGS,1,20161213,165700,30.5550000,30.5550000,30.5300000,30.5300000,6600
SNGS,1,20161213,165800,30.5450000,30.5650000,30.5200000,30.5650000,96700
SNGS,1,20161213,165900,30.5650000,30.5650000,30.5400000,30.5450000,21300
SNGS,1,20161213,170000,30.5600000,30.5650000,30.5600000,30.5650000,21500
SNGS,1,20161213,170100,30.5650000,30.6000000,30.5650000,30.6000000,194000
SNGS,1,20161213,170200,30.6000000,30.6000000,30.5400000,30.5400000,91600
SNGS,1,20161213,170300,30.5200000,30.5650000,30.5150000,30.5150000,1300
SNGS,1,20161213,170400,30.5450000,30.5450000,30.5050000,30.5050000,20300
SNGS,1,20161213,170500,30.5300000,30.5300000,30.5050000,30.5050000,1200
SNGS,1,20161213,170600,30.5250000,30.5250000,30.5100000,30.5100000,5100
SNGS,1,20161213,170700,30.5250000,30.5250000,30.5050000,30.5050000,5100
SNGS,1,20161213,170800,30.5250000,30.5250000,30.5250000,30.5250000,200
SNGS,1,20161213,170900,30.5250000,30.5250000,30.5250000,30.5250000,300
SNGS,1,20161213,171000,30.5250000,30.5250000,30.4850000,30.4850000,21900
SNGS,1,20161213,171100,30.5250000,30.5250000,30.5100000,30.5150000,21500
SNGS,1,20161213,171200,30.5150000,30.5150000,30.5100000,30.5100000,300
SNGS,1,20161213,171300,30.5100000,30.5100000,30.4900000,30.5100000,300
SNGS,1,20161213,171400,30.5100000,30.5100000,30.5000000,30.5100000,10300
SNGS,1,20161213,171500,30.5100000,30.5100000,30.5100000,30.5100000,10200
SNGS,1,20161213,171600,30.5100000,30.5150000,30.4950000,30.4950000,4300
SNGS,1,20161213,171700,30.5100000,30.5100000,30.5000000,30.5100000,5000
SNGS,1,20161213,171800,30.5100000,30.5100000,30.5100000,30.5100000,300
SNGS,1,20161213,171900,30.5100000,30.5100000,30.4600000,30.4600000,11300
SNGS,1,20161213,172000,30.4600000,30.4600000,30.4250000,30.4250000,100800
SNGS,1,20161213,172100,30.4800000,30.4850000,30.4800000,30.4850000,8100
SNGS,1,20161213,172200,30.4850000,30.4850000,30.4850000,30.4850000,7300
SNGS,1,20161213,172300,30.4850000,30.4850000,30.4650000,30.4800000,56900
SNGS,1,20161213,172400,30.4800000,30.4800000,30.4800000,30.4800000,300
SNGS,1,20161213,172500,30.4800000,30.4800000,30.4650000,30.4650000,700
SNGS,1,20161213,172600,30.4750000,30.4750000,30.4450000,30.4450000,17400
SNGS,1,20161213,172700,30.4750000,30.4850000,30.4750000,30.4850000,31000
SNGS,1,20161213,172800,30.4850000,30.5000000,30.4500000,30.5000000,8300
SNGS,1,20161213,172900,30.5000000,30.5000000,30.4800000,30.5000000,5300
SNGS,1,20161213,173000,30.5000000,30.5300000,30.4600000,30.5300000,96400
SNGS,1,20161213,173100,30.5300000,30.6200000,30.5250000,30.6200000,211600
SNGS,1,20161213,173200,30.6200000,30.6400000,30.6000000,30.6000000,92100
SNGS,1,20161213,173300,30.6250000,30.6300000,30.6000000,30.6000000,48500
SNGS,1,20161213,173400,30.6050000,30.6150000,30.5450000,30.5950000,119400
SNGS,1,20161213,173500,30.5950000,30.6300000,30.5800000,30.6000000,113500
SNGS,1,20161213,173600,30.6150000,30.6150000,30.5900000,30.5950000,25500
SNGS,1,20161213,173700,30.6100000,30.6100000,30.5600000,30.5650000,42100
SNGS,1,20161213,173800,30.5750000,30.5900000,30.5550000,30.5900000,29200
SNGS,1,20161213,173900,30.5900000,30.5900000,30.5600000,30.5600000,68600
SNGS,1,20161213,174000,30.5900000,30.6200000,30.5900000,30.5900000,110900
SNGS,1,20161213,174100,30.6200000,30.6450000,30.6050000,30.6450000,202800
SNGS,1,20161213,174200,30.6450000,30.6800000,30.6250000,30.6500000,239100
SNGS,1,20161213,174300,30.6700000,30.7700000,30.6600000,30.7600000,389600
SNGS,1,20161213,174400,30.7600000,30.7650000,30.7200000,30.7200000,338800
SNGS,1,20161213,174500,30.7350000,30.7500000,30.7100000,30.7350000,43300
SNGS,1,20161213,174600,30.7350000,30.7450000,30.7100000,30.7100000,41500
SNGS,1,20161213,174700,30.7250000,30.7250000,30.6900000,30.7150000,61200
SNGS,1,20161213,174800,30.7200000,30.7350000,30.7150000,30.7350000,40100
SNGS,1,20161213,174900,30.7100000,30.7350000,30.6750000,30.6800000,48800
SNGS,1,20161213,175000,30.6900000,30.7000000,30.6850000,30.7000000,6300
SNGS,1,20161213,175100,30.7000000,30.7000000,30.6750000,30.7000000,25700
SNGS,1,20161213,175200,30.7000000,30.7350000,30.7000000,30.7050000,104700
SNGS,1,20161213,175300,30.7300000,30.7300000,30.7100000,30.7100000,900
SNGS,1,20161213,175400,30.7250000,30.7250000,30.7050000,30.7050000,6600
SNGS,1,20161213,175500,30.7250000,30.7400000,30.7100000,30.7400000,29000
SNGS,1,20161213,175600,30.7400000,30.7500000,30.7100000,30.7150000,40000
SNGS,1,20161213,175700,30.7100000,30.7400000,30.7050000,30.7400000,70500
SNGS,1,20161213,175800,30.7400000,30.7400000,30.6900000,30.6900000,24600
SNGS,1,20161213,175900,30.7300000,30.7300000,30.6900000,30.7250000,5900
SNGS,1,20161213,180000,30.7300000,30.7450000,30.7100000,30.7100000,66300
SNGS,1,20161213,180100,30.7400000,30.7450000,30.7200000,30.7200000,10300
SNGS,1,20161213,180200,30.7450000,30.7500000,30.7200000,30.7500000,61400
SNGS,1,20161213,180300,30.7500000,30.7500000,30.7200000,30.7450000,50100
SNGS,1,20161213,180400,30.7350000,30.7500000,30.7200000,30.7500000,10800
SNGS,1,20161213,180500,30.7500000,30.7500000,30.7450000,30.7450000,1000
SNGS,1,20161213,180600,30.7500000,30.7500000,30.6900000,30.7150000,526200
SNGS,1,20161213,180700,30.7000000,30.7150000,30.6950000,30.7000000,50800
SNGS,1,20161213,180800,30.7250000,30.7300000,30.6950000,30.7200000,15300
SNGS,1,20161213,180900,30.7250000,30.7250000,30.6650000,30.6650000,25700
SNGS,1,20161213,181000,30.7000000,30.7000000,30.6550000,30.6550000,26900
SNGS,1,20161213,181100,30.6950000,30.7000000,30.6750000,30.6750000,6100
SNGS,1,20161213,181200,30.6850000,30.7000000,30.6250000,30.6250000,40400
SNGS,1,20161213,181300,30.6650000,30.6650000,30.6050000,30.6050000,27400
SNGS,1,20161213,181400,30.6050000,30.6350000,30.6000000,30.6200000,12200
SNGS,1,20161213,181500,30.6350000,30.6550000,30.5950000,30.6000000,22200
SNGS,1,20161213,181600,30.6100000,30.6100000,30.5800000,30.6000000,21400
SNGS,1,20161213,181700,30.6150000,30.6250000,30.5850000,30.6250000,41400
SNGS,1,20161213,181800,30.6200000,30.6200000,30.5700000,30.6050000,86200
SNGS,1,20161213,181900,30.6050000,30.6050000,30.5750000,30.5750000,9200
SNGS,1,20161213,182000,30.6050000,30.6050000,30.5700000,30.5850000,15100
SNGS,1,20161213,182100,30.5850000,30.6150000,30.5750000,30.6150000,8000
SNGS,1,20161213,182200,30.6150000,30.6300000,30.6000000,30.6100000,9200
SNGS,1,20161213,182300,30.6350000,30.6400000,30.6150000,30.6150000,23200
SNGS,1,20161213,182400,30.6300000,30.6400000,30.5850000,30.6400000,35600
SNGS,1,20161213,182500,30.6300000,30.6550000,30.6100000,30.6250000,36200
SNGS,1,20161213,182600,30.6500000,30.6500000,30.6100000,30.6100000,29100
SNGS,1,20161213,182700,30.6400000,30.6400000,30.6100000,30.6100000,2500
SNGS,1,20161213,182800,30.6250000,30.6300000,30.6100000,30.6150000,5700
SNGS,1,20161213,182900,30.6250000,30.6300000,30.6100000,30.6100000,20300
SNGS,1,20161213,183000,30.6150000,30.6850000,30.6150000,30.6800000,86600
SNGS,1,20161213,183100,30.6750000,30.6750000,30.6200000,30.6200000,47100
SNGS,1,20161213,183200,30.6600000,30.6850000,30.6350000,30.6850000,12500
SNGS,1,20161213,183300,30.6850000,30.6850000,30.6050000,30.6100000,25400
SNGS,1,20161213,183400,30.6400000,30.6400000,30.5850000,30.5950000,38400
SNGS,1,20161213,183500,30.6300000,30.6400000,30.5900000,30.6400000,15700
SNGS,1,20161213,183600,30.6400000,30.6400000,30.5850000,30.5900000,28800
SNGS,1,20161213,183700,30.6250000,30.6250000,30.5750000,30.5800000,26400
SNGS,1,20161213,183800,30.5800000,30.6250000,30.5800000,30.5800000,64100
SNGS,1,20161213,183900,30.6150000,30.6150000,30.5700000,30.5750000,74200
SNGS,1,20161213,184000,30.5950000,30.6700000,30.5750000,30.6300000,197500
SNGS,1,20161213,184600,30.5700000,30.5700000,30.5700000,30.5700000,200300
SNGS,1,20161213,184700,30.5700000,30.5700000,30.5700000,30.5700000,30000
SNGS,1,20161213,184800,30.5700000,30.5700000,30.5700000,30.5700000,10600
SNGS,1,20161213,184900,30.5700000,30.5700000,30.5700000,30.5700000,38000
SNGS,1,20161213,185000,30.5700000,30.5700000,30.5700000,30.5700000,100
SNGS,1,20161214,100100,30.6400000,30.7150000,30.6400000,30.6950000,23000
SNGS,1,20161214,100200,30.6950000,30.7200000,30.6450000,30.7200000,8500
SNGS,1,20161214,100300,30.7200000,30.7350000,30.6600000,30.6600000,44600
SNGS,1,20161214,100400,30.6600000,30.6800000,30.6450000,30.6800000,26700
SNGS,1,20161214,100500,30.6800000,30.6900000,30.6500000,30.6500000,18100
SNGS,1,20161214,100600,30.6950000,30.7300000,30.6650000,30.6900000,35800
SNGS,1,20161214,100700,30.6850000,30.6850000,30.6700000,30.6800000,25900
SNGS,1,20161214,100800,30.6500000,30.6500000,30.6500000,30.6500000,20000
SNGS,1,20161214,100900,30.6450000,30.6750000,30.6350000,30.6750000,38200
SNGS,1,20161214,101000,30.6750000,30.7150000,30.6750000,30.6900000,73700
SNGS,1,20161214,101100,30.7000000,30.7350000,30.6850000,30.7300000,110200
SNGS,1,20161214,101200,30.6950000,30.7300000,30.6850000,30.7150000,10500
SNGS,1,20161214,101300,30.7200000,30.7400000,30.6850000,30.7150000,39700
SNGS,1,20161214,101400,30.7150000,30.7200000,30.6850000,30.7150000,11600
SNGS,1,20161214,101500,30.6850000,30.6850000,30.6250000,30.6250000,20300
SNGS,1,20161214,101600,30.6450000,30.6500000,30.6250000,30.6350000,16600
SNGS,1,20161214,101700,30.6500000,30.6500000,30.6250000,30.6500000,28000
SNGS,1,20161214,101800,30.6500000,30.6550000,30.5100000,30.5800000,205000
SNGS,1,20161214,101900,30.5650000,30.5950000,30.5650000,30.5950000,25300
SNGS,1,20161214,102000,30.5900000,30.6200000,30.5700000,30.6200000,25500
SNGS,1,20161214,102100,30.5900000,30.6050000,30.5900000,30.6050000,1300
SNGS,1,20161214,102300,30.6400000,30.6550000,30.6100000,30.6450000,19600
SNGS,1,20161214,102400,30.6050000,30.6050000,30.6000000,30.6000000,2700
SNGS,1,20161214,102500,30.6000000,30.6300000,30.5900000,30.6300000,6000
SNGS,1,20161214,102600,30.5900000,30.6300000,30.5900000,30.6000000,10000
SNGS,1,20161214,102700,30.5950000,30.5950000,30.5950000,30.5950000,700
SNGS,1,20161214,102800,30.5900000,30.5900000,30.5550000,30.5550000,20700
SNGS,1,20161214,102900,30.5550000,30.5600000,30.5500000,30.5600000,17900
SNGS,1,20161214,103000,30.5450000,30.5500000,30.5450000,30.5500000,1700
SNGS,1,20161214,103100,30.5550000,30.5550000,30.5500000,30.5500000,600
SNGS,1,20161214,103200,30.5500000,30.5500000,30.5350000,30.5350000,10500
SNGS,1,20161214,103300,30.5250000,30.5700000,30.5150000,30.5700000,14700
SNGS,1,20161214,103400,30.5700000,30.5700000,30.5400000,30.5700000,8500
SNGS,1,20161214,103500,30.5900000,30.6350000,30.5900000,30.5950000,22600
SNGS,1,20161214,103600,30.5750000,30.6150000,30.5750000,30.6150000,6700
SNGS,1,20161214,103700,30.6250000,30.6350000,30.6200000,30.6200000,11500
SNGS,1,20161214,103800,30.5950000,30.6150000,30.5900000,30.5900000,3800
SNGS,1,20161214,103900,30.5900000,30.6150000,30.5900000,30.6150000,7800
SNGS,1,20161214,104200,30.6200000,30.6300000,30.6200000,30.6300000,3500
SNGS,1,20161214,104300,30.6000000,30.6000000,30.5850000,30.5850000,11100
SNGS,1,20161214,104400,30.5750000,30.5750000,30.5650000,30.5650000,5100
SNGS,1,20161214,104500,30.5650000,30.5650000,30.5250000,30.5250000,15900
SNGS,1,20161214,104600,30.5600000,30.5750000,30.5600000,30.5750000,4800
SNGS,1,20161214,104700,30.5450000,30.5900000,30.5450000,30.5900000,5600
SNGS,1,20161214,104800,30.6000000,30.6000000,30.6000000,30.6000000,900
SNGS,1,20161214,104900,30.5650000,30.5650000,30.5350000,30.5350000,10700
SNGS,1,20161214,105000,30.5700000,30.6000000,30.5600000,30.6000000,40000
SNGS,1,20161214,105100,30.5550000,30.5750000,30.5500000,30.5500000,26300
SNGS,1,20161214,105200,30.5800000,30.6150000,30.5800000,30.6100000,21700
SNGS,1,20161214,105300,30.5500000,30.5500000,30.5500000,30.5500000,100
SNGS,1,20161214,105400,30.5500000,30.5950000,30.5400000,30.5400000,24200
SNGS,1,20161214,105500,30.5750000,30.6000000,30.5400000,30.6000000,40500
SNGS,1,20161214,105600,30.6000000,30.6000000,30.5650000,30.5650000,11900
