SNGSP,1,20161213,100100,32.0150000,32.1750000,32.0050000,32.0900000,390300
SNGSP,1,20161213,100200,32.0900000,32.0950000,32.0400000,32.0950000,71800
SNGSP,1,20161213,100300,32.0900000,32.1050000,32.0500000,32.0950000,139800
SNGSP,1,20161213,100400,32.0700000,32.0750000,32.0100000,32.0100000,170900
SNGSP,1,20161213,100500,32.0200000,32.0200000,32.0050000,32.0200000,12100
SNGSP,1,20161213,100600,32.0200000,32.0200000,31.9600000,31.9900000,254100
SNGSP,1,20161213,100700,31.9550000,31.9900000,31.9500000,31.9900000,62300
SNGSP,1,20161213,100800,31.9800000,31.9800000,31.8950000,31.9050000,107200
SNGSP,1,20161213,100900,31.8900000,31.9000000,31.7200000,31.7800000,698700
SNGSP,1,20161213,101000,31.7950000,31.8950000,31.7700000,31.8650000,702700
SNGSP,1,20161213,101100,31.8650000,31.8950000,31.8400000,31.8800000,32600
SNGSP,1,20161213,101200,31.8800000,31.8900000,31.8350000,31.8350000,26100
SNGSP,1,20161213,101300,31.8750000,31.8750000,31.8050000,31.8650000,183200
SNGSP,1,20161213,101400,31.8650000,31.8700000,31.7650000,31.7800000,339500
SNGSP,1,20161213,101500,31.7850000,31.7900000,31.7100000,31.7900000,560700
SNGSP,1,20161213,101600,31.7500000,31.7500000,31.7000000,31.7300000,163100
SNGSP,1,20161213,101700,31.7300000,31.7750000,31.7250000,31.7750000,74200
SNGSP,1,20161213,101800,31.7750000,31.7750000,31.7500000,31.7500000,114200
SNGSP,1,20161213,101900,31.7650000,31.7650000,31.7600000,31.7600000,17800
SNGSP,1,20161213,102000,31.7500000,31.7750000,31.7500000,31.7750000,26500
SNGSP,1,20161213,102100,31.7600000,31.7850000,31.7600000,31.7850000,28200
SNGSP,1,20161213,102200,31.7850000,31.7850000,31.7700000,31.7850000,17000
SNGSP,1,20161213,102300,31.7850000,31.7850000,31.7700000,31.7850000,24300
SNGSP,1,20161213,102400,31.7850000,31.7900000,31.7700000,31.7800000,101100
SNGSP,1,20161213,102500,31.7850000,31.7900000,31.7700000,31.7900000,28400
SNGSP,1,20161213,102600,31.7900000,31.7900000,31.7850000,31.7900000,75500
SNGSP,1,20161213,102700,31.7900000,31.8150000,31.7900000,31.8150000,105500
SNGSP,1,20161213,102800,31.8150000,31.8450000,31.8000000,31.8450000,74900
SNGSP,1,20161213,102900,31.8450000,31.8500000,31.8150000,31.8500000,50300
SNGSP,1,20161213,103000,31.8250000,31.8500000,31.8250000,31.8500000,18500
SNGSP,1,20161213,103100,31.8500000,31.8700000,31.8500000,31.8700000,39100
SNGSP,1,20161213,103200,31.8700000,31.8800000,31.8700000,31.8750000,57600
SNGSP,1,20161213,103300,31.8800000,31.8900000,31.8700000,31.8850000,59300
SNGSP,1,20161213,103400,31.8900000,31.9200000,31.8900000,31.9200000,56500
SNGSP,1,20161213,103500,31.9200000,31.9450000,31.8850000,31.9450000,60000
SNGSP,1,20161213,103600,31.9450000,31.9900000,31.9200000,31.9750000,92000
SNGSP,1,20161213,103700,31.9700000,31.9800000,31.9650000,31.9650000,57500
SNGSP,1,20161213,103800,31.9700000,31.9700000,31.9300000,31.9400000,13800
SNGSP,1,20161213,103900,31.9300000,31.9300000,31.8500000,31.8750000,82200
SNGSP,1,20161213,104000,31.8550000,31.8850000,31.8550000,31.8600000,65100
SNGSP,1,20161213,104100,31.8800000,32.1350000,31.8800000,32.1100000,845900
SNGSP,1,20161213,104200,32.1050000,32.1400000,32.0800000,32.1000000,220100
SNGSP,1,20161213,104300,32.1200000,32.1450000,32.0800000,32.1100000,96300
SNGSP,1,20161213,104400,32.1100000,32.1450000,32.1000000,32.1300000,91000
SNGSP,1,20161213,104500,32.1400000,32.1750000,32.1400000,32.1500000,85600
SNGSP,1,20161213,104600,32.1700000,32.2250000,32.1600000,32.2250000,150000
SNGSP,1,20161213,104700,32.2250000,32.2750000,32.1750000,32.2550000,99800
SNGSP,1,20161213,104800,32.2650000,32.2650000,32.1550000,32.1550000,146500
SNGSP,1,20161213,104900,32.1650000,32.1650000,32.1300000,32.1300000,25400
SNGSP,1,20161213,105000,32.1400000,32.2900000,32.1350000,32.2600000,688700
SNGSP,1,20161213,105100,32.2850000,32.3250000,32.2850000,32.3000000,224400
SNGSP,1,20161213,105200,32.2950000,32.3400000,32.2800000,32.2800000,211100
SNGSP,1,20161213,105300,32.2800000,32.3500000,32.2800000,32.3250000,139100
SNGSP,1,20161213,105400,32.3200000,32.5450000,32.3100000,32.5250000,986200
SNGSP,1,20161213,105500,32.5450000,32.6000000,32.5000000,32.5450000,327000
SNGSP,1,20161213,105600,32.5300000,32.5550000,32.3800000,32.4600000,828300
SNGSP,1,20161213,105700,32.4750000,32.4950000,32.4100000,32.4100000,189300
SNGSP,1,20161213,105800,32.4150000,32.4150000,32.3700000,32.3800000,46900
SNGSP,1,20161213,105900,32.3800000,32.4200000,32.3700000,32.4200000,17500
SNGSP,1,20161213,110000,32.4150000,32.4450000,32.4150000,32.4350000,48900
SNGSP,1,20161213,110100,32.4150000,32.4450000,32.4150000,32.4450000,99400
SNGSP,1,20161213,110200,32.4400000,32.4450000,32.4150000,32.4300000,60300
SNGSP,1,20161213,110300,32.4250000,32.4250000,32.3700000,32.4050000,35900
SNGSP,1,20161213,110400,32.4000000,32.4000000,32.3650000,32.3650000,5000
SNGSP,1,20161213,110500,32.3900000,32.3950000,32.3550000,32.3800000,7900
SNGSP,1,20161213,110600,32.3850000,32.3950000,32.3200000,32.3950000,75400
SNGSP,1,20161213,110700,32.3950000,32.4350000,32.3950000,32.4350000,48700
SNGSP,1,20161213,110800,32.4350000,32.4450000,32.4050000,32.4450000,64400
SNGSP,1,20161213,110900,32.4400000,32.4450000,32.4350000,32.4400000,52600
SNGSP,1,20161213,111000,32.4400000,32.4600000,32.4400000,32.4600000,104200
SNGSP,1,20161213,111100,32.4650000,32.5150000,32.4500000,32.5050000,107700
SNGSP,1,20161213,111200,32.5150000,32.5350000,32.5000000,32.5350000,146900
SNGSP,1,20161213,111300,32.5150000,32.5350000,32.5000000,32.5300000,188700
SNGSP,1,20161213,111400,32.5000000,32.5300000,32.5000000,32.5000000,74100
SNGSP,1,20161213,111500,32.5150000,32.5750000,32.5150000,32.5750000,297000
SNGSP,1,20161213,111600,32.5600000,32.6250000,32.5600000,32.6050000,302600
SNGSP,1,20161213,111700,32.6000000,32.6200000,32.5600000,32.5850000,88500
SNGSP,1,20161213,111800,32.5650000,32.5650000,32.5000000,32.5000000,285600
SNGSP,1,20161213,111900,32.5500000,32.5550000,32.5000000,32.5400000,60600
SNGSP,1,20161213,112000,32.5150000,32.5400000,32.5000000,32.5000000,52300
SNGSP,1,20161213,112100,32.5000000,32.5250000,32.5000000,32.5000000,130900
SNGSP,1,20161213,112200,32.5000000,32.5100000,32.5000000,32.5100000,32800
SNGSP,1,20161213,112300,32.5000000,32.5500000,32.5000000,32.5300000,90200
SNGSP,1,20161213,112400,32.5150000,32.5500000,32.5100000,32.5250000,24400
SNGSP,1,20161213,112500,32.5250000,32.5400000,32.5150000,32.5200000,58000
SNGSP,1,20161213,112600,32.5200000,32.5500000,32.5200000,32.5500000,7600
SNGSP,1,20161213,112700,32.5500000,32.5650000,32.5250000,32.5650000,27600
SNGSP,1,20161213,112800,32.5600000,32.5650000,32.5200000,32.5500000,84000
SNGSP,1,20161213,112900,32.5650000,32.5650000,32.5350000,32.5500000,34700
SNGSP,1,20161213,113000,32.5500000,32.5950000,32.5500000,32.5750000,95200
SNGSP,1,20161213,113100,32.5750000,32.6350000,32.5700000,32.6350000,191400
SNGSP,1,20161213,113200,32.6350000,32.6700000,32.6350000,32.6600000,278100
SNGSP,1,20161213,113300,32.6700000,32.6700000,32.5950000,32.6350000,92100
SNGSP,1,20161213,113400,32.6150000,32.6550000,32.5650000,32.5650000,163100
SNGSP,1,20161213,113500,32.5650000,32.5950000,32.5350000,32.5350000,95100
SNGSP,1,20161213,113600,32.5200000,32.5550000,32.5100000,32.5550000,55200
SNGSP,1,20161213,113700,32.5550000,32.5850000,32.5300000,32.5500000,28300
SNGSP,1,20161213,113800,32.5500000,32.5650000,32.5300000,32.5500000,76100
SNGSP,1,20161213,113900,32.5350000,32.5600000,32.5250000,32.5400000,42000
SNGSP,1,20161213,114000,32.5350000,32.5350000,32.5100000,32.5100000,10000
SNGSP,1,20161213,114100,32.5050000,32.5300000,32.5050000,32.5300000,32300
SNGSP,1,20161213,114200,32.5250000,32.5300000,32.5000000,32.5250000,131100
SNGSP,1,20161213,114300,32.5150000,32.5500000,32.5100000,32.5500000,13500
SNGSP,1,20161213,114400,32.5500000,32.5600000,32.5200000,32.5600000,60100
SNGSP,1,20161213,114500,32.5700000,32.5850000,32.5450000,32.5850000,33100
SNGSP,1,20161213,114600,32.5850000,32.6000000,32.5800000,32.5950000,51300
SNGSP,1,20161213,114700,32.6000000,32.6300000,32.5500000,32.6300000,247400
SNGSP,1,20161213,114800,32.6300000,32.6450000,32.6200000,32.6400000,40100
SNGSP,1,20161213,114900,32.6400000,32.6400000,32.5750000,32.5800000,179200
SNGSP,1,20161213,115000,32.5750000,32.5800000,32.5600000,32.5600000,18900
SNGSP,1,20161213,115100,32.5500000,32.5500000,32.5150000,32.5400000,35300
SNGSP,1,20161213,115200,32.5250000,32.5250000,32.4900000,32.4900000,113300
SNGSP,1,20161213,115300,32.4900000,32.5150000,32.4650000,32.4650000,139500
SNGSP,1,20161213,115400,32.4650000,32.5350000,32.4650000,32.4800000,161800
SNGSP,1,20161213,115500,32.4800000,32.4800000,32.4150000,32.4400000,95400
SNGSP,1,20161213,115600,32.4150000,32.5550000,32.4150000,32.5300000,582200
SNGSP,1,20161213,115700,32.5300000,32.5300000,32.5000000,32.5000000,45600
SNGSP,1,20161213,115800,32.5100000,32.5300000,32.5000000,32.5050000,50300
SNGSP,1,20161213,115900,32.5150000,32.5200000,32.5000000,32.5150000,89000
SNGSP,1,20161213,120000,32.5000000,32.5100000,32.5000000,32.5000000,129300
SNGSP,1,20161213,120100,32.5050000,32.5300000,32.5000000,32.5200000,274900
SNGSP,1,20161213,120200,32.5150000,32.5250000,32.5000000,32.5000000,50900
SNGSP,1,20161213,120300,32.5200000,32.5200000,32.5000000,32.5000000,7800
SNGSP,1,20161213,120400,32.5150000,32.5200000,32.5000000,32.5200000,22200
SNGSP,1,20161213,120500,32.5200000,32.5300000,32.4500000,32.4750000,325400
SNGSP,1,20161213,120600,32.4750000,32.4900000,32.4400000,32.4400000,43200
SNGSP,1,20161213,120700,32.4400000,32.4650000,32.4400000,32.4650000,26700
SNGSP,1,20161213,120800,32.4650000,32.4800000,32.4500000,32.4800000,30200
SNGSP,1,20161213,120900,32.4800000,32.5000000,32.4800000,32.5000000,26300
SNGSP,1,20161213,121000,32.5000000,32.5000000,32.4700000,32.4700000,26400
SNGSP,1,20161213,121100,32.4900000,32.4900000,32.4500000,32.4500000,20100
SNGSP,1,20161213,121200,32.4500000,32.4500000,32.4150000,32.4500000,30600
SNGSP,1,20161213,121300,32.4500000,32.4600000,32.4450000,32.4600000,24700
SNGSP,1,20161213,121400,32.4600000,32.5200000,32.4600000,32.4950000,98500
SNGSP,1,20161213,121500,32.4800000,32.4850000,32.4750000,32.4750000,7900
SNGSP,1,20161213,121600,32.4850000,32.5050000,32.4600000,32.5050000,46500
SNGSP,1,20161213,121700,32.5050000,32.5250000,32.5000000,32.5000000,28100
SNGSP,1,20161213,121800,32.5200000,32.5250000,32.4950000,32.5000000,77600
SNGSP,1,20161213,121900,32.4800000,32.4800000,32.4050000,32.4050000,74400
SNGSP,1,20161213,122000,32.4050000,32.5300000,32.4000000,32.5300000,516600
SNGSP,1,20161213,122100,32.5250000,32.5800000,32.5250000,32.5750000,148000
SNGSP,1,20161213,122200,32.5550000,32.5550000,32.5400000,32.5400000,2200
SNGSP,1,20161213,122300,32.5400000,32.5700000,32.5000000,32.5650000,85700
SNGSP,1,20161213,122400,32.5700000,32.5700000,32.5150000,32.5500000,40600
SNGSP,1,20161213,122500,32.5500000,32.5500000,32.5450000,32.5500000,50900
SNGSP,1,20161213,122600,32.5500000,32.5500000,32.5300000,32.5500000,45300
SNGSP,1,20161213,122700,32.5500000,32.5700000,32.5350000,32.5550000,170700
SNGSP,1,20161213,122800,32.5700000,32.5750000,32.5300000,32.5550000,43000
SNGSP,1,20161213,122900,32.5550000,32.6400000,32.5550000,32.6400000,237500
SNGSP,1,20161213,123000,32.6400000,32.6450000,32.5900000,32.6300000,53900
SNGSP,1,20161213,123100,32.6200000,32.6400000,32.6100000,32.6400000,140700
SNGSP,1,20161213,123200,32.6400000,32.6400000,32.6300000,32.6350000,25800
SNGSP,1,20161213,123300,32.6200000,32.6300000,32.6000000,32.6300000,10400
SNGSP,1,20161213,123400,32.6000000,32.6050000,32.5850000,32.5850000,11000
SNGSP,1,20161213,123500,32.5850000,32.5900000,32.5600000,32.5600000,22000
SNGSP,1,20161213,123600,32.5600000,32.5600000,32.5500000,32.5500000,9500
SNGSP,1,20161213,123700,32.5550000,32.5550000,32.5450000,32.5450000,19500
SNGSP,1,20161213,123800,32.5450000,32.6100000,32.5450000,32.5750000,17700
SNGSP,1,20161213,123900,32.5750000,32.5950000,32.5000000,32.5950000,439500
SNGSP,1,20161213,124000,32.5900000,32.5900000,32.5600000,32.5600000,12200
SNGSP,1,20161213,124100,32.5600000,32.5850000,32.5350000,32.5550000,23100
SNGSP,1,20161213,124200,32.5550000,32.5550000,32.5300000,32.5450000,26500
SNGSP,1,20161213,124300,32.5450000,32.5500000,32.5000000,32.5350000,55100
SNGSP,1,20161213,124400,32.5250000,32.5250000,32.5050000,32.5200000,7600
SNGSP,1,20161213,124500,32.5200000,32.5500000,32.5200000,32.5500000,54200
SNGSP,1,20161213,124600,32.5500000,32.5800000,32.5400000,32.5800000,56100
SNGSP,1,20161213,124700,32.5800000,32.5800000,32.5550000,32.5800000,24700
SNGSP,1,20161213,124800,32.5850000,32.5900000,32.5800000,32.5900000,7900
SNGSP,1,20161213,124900,32.5900000,32.6000000,32.5900000,32.5900000,20800
SNGSP,1,20161213,125000,32.5900000,32.5900000,32.5750000,32.5750000,16500
SNGSP,1,20161213,125100,32.5900000,32.5900000,32.5450000,32.5450000,11400
SNGSP,1,20161213,125200,32.5450000,32.5650000,32.5450000,32.5600000,22700
SNGSP,1,20161213,125300,32.5500000,32.5600000,32.5500000,32.5500000,12400
SNGSP,1,20161213,125400,32.5500000,32.5500000,32.5350000,32.5350000,17300
SNGSP,1,20161213,125500,32.5400000,32.5400000,32.5150000,32.5300000,18400
SNGSP,1,20161213,125600,32.5050000,32.5250000,32.5000000,32.5250000,305100
SNGSP,1,20161213,125700,32.5050000,32.5250000,32.5000000,32.5100000,31200
SNGSP,1,20161213,125800,32.5150000,32.5150000,32.5100000,32.5100000,1500
SNGSP,1,20161213,125900,32.5100000,32.5200000,32.5100000,32.5200000,22800
SNGSP,1,20161213,130000,32.5200000,32.5650000,32.5100000,32.5650000,86700
SNGSP,1,20161213,130100,32.5650000,32.5650000,32.5500000,32.5500000,7000
SNGSP,1,20161213,130200,32.5500000,32.5500000,32.5400000,32.5400000,24500
SNGSP,1,20161213,130300,32.5400000,32.5400000,32.5150000,32.5200000,22100
SNGSP,1,20161213,130400,32.5200000,32.5250000,32.5200000,32.5200000,2400
SNGSP,1,20161213,130500,32.5200000,32.5200000,32.5200000,32.5200000,2000
SNGSP,1,20161213,130600,32.5250000,32.5250000,32.5150000,32.5150000,5700
SNGSP,1,20161213,130700,32.5200000,32.5300000,32.5100000,32.5200000,81000
SNGSP,1,20161213,130800,32.5200000,32.5250000,32.5200000,32.5250000,14300
SNGSP,1,20161213,130900,32.5150000,32.5200000,32.5100000,32.5200000,5300
SNGSP,1,20161213,131000,32.5200000,32.5250000,32.5150000,32.5150000,3000
SNGSP,1,20161213,131100,32.5150000,32.5500000,32.5150000,32.5450000,65700
SNGSP,1,20161213,131300,32.5550000,32.5650000,32.5550000,32.5650000,27400
SNGSP,1,20161213,131400,32.5650000,32.5650000,32.5600000,32.5600000,2400
SNGSP,1,20161213,131500,32.5500000,32.5650000,32.5150000,32.5650000,54200
SNGSP,1,20161213,131600,32.5650000,32.5950000,32.5550000,32.5950000,133700
SNGSP,1,20161213,131700,32.5950000,32.6100000,32.5850000,32.5900000,69600
SNGSP,1,20161213,131800,32.5900000,32.6100000,32.5900000,32.5900000,26900
SNGSP,1,20161213,131900,32.6000000,32.6000000,32.5950000,32.5950000,4500
SNGSP,1,20161213,132000,32.5950000,32.6000000,32.5650000,32.5650000,34800
SNGSP,1,20161213,132100,32.5700000,32.5950000,32.5550000,32.5950000,31300
SNGSP,1,20161213,132200,32.5950000,32.6000000,32.5950000,32.6000000,17100
SNGSP,1,20161213,132300,32.6000000,32.6100000,32.6000000,32.6000000,35900
SNGSP,1,20161213,132400,32.5850000,32.6050000,32.5850000,32.5900000,17300
SNGSP,1,20161213,132500,32.5900000,32.6100000,32.5850000,32.6050000,107000
SNGSP,1,20161213,132600,32.5900000,32.6050000,32.5900000,32.6050000,3600
SNGSP,1,20161213,132700,32.6100000,32.6100000,32.6000000,32.6050000,2000
SNGSP,1,20161213,132800,32.5900000,32.5900000,32.5850000,32.5900000,11900
SNGSP,1,20161213,132900,32.6000000,32.6000000,32.5750000,32.5750000,15100
SNGSP,1,20161213,133000,32.6050000,32.6150000,32.6000000,32.6150000,76600
SNGSP,1,20161213,133100,32.6150000,32.6150000,32.6050000,32.6050000,9500
SNGSP,1,20161213,133200,32.6100000,32.6100000,32.6000000,32.6100000,2600
SNGSP,1,20161213,133300,32.6100000,32.6150000,32.6050000,32.6100000,20300
SNGSP,1,20161213,133400,32.6100000,32.6200000,32.5900000,32.5900000,196300
SNGSP,1,20161213,133500,32.5950000,32.6250000,32.5900000,32.6250000,282800
SNGSP,1,20161213,133600,32.6150000,32.6350000,32.5750000,32.6000000,616700
SNGSP,1,20161213,133700,32.6250000,32.6250000,32.6050000,32.6200000,10800
SNGSP,1,20161213,133800,32.6200000,32.6200000,32.6000000,32.6200000,7400
SNGSP,1,20161213,133900,32.6000000,32.6150000,32.5700000,32.5700000,33700
SNGSP,1,20161213,134000,32.5950000,32.6150000,32.5950000,32.6150000,5300
SNGSP,1,20161213,134100,32.6050000,32.6050000,32.5900000,32.5900000,400
SNGSP,1,20161213,134200,32.6000000,32.6100000,32.5700000,32.5700000,31700
SNGSP,1,20161213,134300,32.5900000,32.6050000,32.5900000,32.6000000,10500
SNGSP,1,20161213,134500,32.5750000,32.6000000,32.5750000,32.6000000,11800
SNGSP,1,20161213,134600,32.6000000,32.6000000,32.6000000,32.6000000,7500
SNGSP,1,20161213,134700,32.5850000,32.5850000,32.5850000,32.5850000,900
SNGSP,1,20161213,134800,32.5800000,32.5950000,32.5700000,32.5700000,44900
SNGSP,1,20161213,134900,32.5900000,32.5900000,32.5700000,32.5900000,11700
SNGSP,1,20161213,135000,32.5900000,32.5900000,32.5700000,32.5700000,9900
SNGSP,1,20161213,135100,32.5700000,32.5750000,32.5500000,32.5500000,15300
SNGSP,1,20161213,135200,32.5550000,32.5700000,32.5550000,32.5700000,19500
SNGSP,1,20161213,135300,32.5700000,32.5700000,32.5500000,32.5500000,5200
SNGSP,1,20161213,135400,32.5700000,32.5700000,32.5700000,32.5700000,12900
SNGSP,1,20161213,135500,32.5700000,32.5700000,32.5550000,32.5600000,16600
SNGSP,1,20161213,135600,32.5650000,32.5800000,32.5650000,32.5750000,9700
SNGSP,1,20161213,135700,32.5800000,32.5850000,32.5650000,32.5650000,21200
SNGSP,1,20161213,135800,32.5800000,32.5850000,32.5550000,32.5750000,22300
SNGSP,1,20161213,135900,32.5750000,32.5850000,32.5750000,32.5850000,11200
SNGSP,1,20161213,140000,32.5850000,32.5850000,32.5700000,32.5750000,3400
SNGSP,1,20161213,140100,32.5800000,32.5850000,32.5700000,32.5850000,13700
SNGSP,1,20161213,140200,32.5850000,32.5850000,32.5750000,32.5800000,19000
SNGSP,1,20161213,140300,32.5800000,32.5850000,32.5750000,32.5800000,21900
SNGSP,1,20161213,140400,32.5800000,32.6200000,32.5750000,32.6200000,69700
SNGSP,1,20161213,140500,32.6200000,32.6200000,32.6000000,32.6000000,22300
SNGSP,1,20161213,140600,32.6050000,32.6500000,32.5800000,32.6450000,503300
SNGSP,1,20161213,140700,32.6450000,32.6500000,32.6350000,32.6450000,35000
SNGSP,1,20161213,140800,32.6450000,32.6500000,32.6350000,32.6500000,60300
SNGSP,1,20161213,140900,32.6500000,32.6500000,32.6400000,32.6400000,9100
SNGSP,1,20161213,141000,32.6450000,32.6500000,32.6200000,32.6200000,25600
SNGSP,1,20161213,141100,32.6350000,32.6500000,32.6200000,32.6350000,60400
SNGSP,1,20161213,141200,32.6450000,32.6450000,32.6350000,32.6400000,2900
SNGSP,1,20161213,141300,32.6400000,32.6400000,32.6300000,32.6350000,9300
SNGSP,1,20161213,141400,32.6350000,32.6350000,32.6200000,32.6250000,17300
SNGSP,1,20161213,141500,32.6400000,32.6500000,32.6400000,32.6500000,46000
SNGSP,1,20161213,141600,32.6500000,32.7200000,32.6400000,32.7200000,526700
SNGSP,1,20161213,141700,32.7200000,32.7950000,32.7200000,32.7700000,492100
SNGSP,1,20161213,141800,32.7800000,32.8000000,32.7550000,32.7950000,1098300
SNGSP,1,20161213,141900,32.7950000,32.8000000,32.7800000,32.8000000,280500
SNGSP,1,20161213,142000,32.8000000,32.8000000,32.7700000,32.7900000,279900
SNGSP,1,20161213,142100,32.7900000,32.8000000,32.7650000,32.7800000,28100
SNGSP,1,20161213,142200,32.7800000,32.7950000,32.7700000,32.7900000,36800
SNGSP,1,20161213,142300,32.7900000,32.8900000,32.7900000,32.8900000,605200
SNGSP,1,20161213,142400,32.8900000,32.9300000,32.8450000,32.8600000,341100
SNGSP,1,20161213,142500,32.8600000,32.9200000,32.8350000,32.9000000,85800
SNGSP,1,20161213,142600,32.9000000,32.9000000,32.8400000,32.8900000,126700
SNGSP,1,20161213,142700,32.8900000,32.8950000,32.8700000,32.8900000,64600
SNGSP,1,20161213,142800,32.8900000,32.8900000,32.8650000,32.8650000,9100
SNGSP,1,20161213,142900,32.8650000,32.8650000,32.8100000,32.8150000,56700
SNGSP,1,20161213,143000,32.8300000,32.8400000,32.8050000,32.8100000,66300
SNGSP,1,20161213,143100,32.8300000,32.9000000,32.8250000,32.8950000,392000
SNGSP,1,20161213,143200,32.8950000,32.9500000,32.8750000,32.9500000,313500
SNGSP,1,20161213,143300,32.9500000,32.9500000,32.9200000,32.9300000,53200
SNGSP,1,20161213,143400,32.9450000,32.9500000,32.9300000,32.9500000,125700
SNGSP,1,20161213,143500,32.9450000,32.9500000,32.9350000,32.9350000,37100
SNGSP,1,20161213,143600,32.9400000,32.9400000,32.9150000,32.9400000,29200
SNGSP,1,20161213,143700,32.9400000,32.9700000,32.9350000,32.9550000,345200
SNGSP,1,20161213,143800,32.9550000,32.9750000,32.9450000,32.9500000,55800
SNGSP,1,20161213,143900,32.9750000,32.9750000,32.9650000,32.9650000,6700
SNGSP,1,20161213,144000,32.9700000,32.9750000,32.9150000,32.9650000,28800
SNGSP,1,20161213,144100,32.9650000,32.9700000,32.9350000,32.9350000,14400
SNGSP,1,20161213,144200,32.9550000,32.9550000,32.8800000,32.9050000,224500
SNGSP,1,20161213,144300,32.9100000,32.9700000,32.9100000,32.9600000,140600
SNGSP,1,20161213,144400,32.9600000,32.9600000,32.9200000,32.9450000,11200
SNGSP,1,20161213,144500,32.9450000,32.9550000,32.9200000,32.9400000,34800
SNGSP,1,20161213,144600,32.9400000,32.9450000,32.9300000,32.9300000,16500
SNGSP,1,20161213,144700,32.9300000,32.9300000,32.9200000,32.9250000,7400
SNGSP,1,20161213,144800,32.9300000,32.9300000,32.9100000,32.9100000,25800
SNGSP,1,20161213,144900,32.9200000,32.9200000,32.8000000,32.8100000,197500
SNGSP,1,20161213,145000,32.8300000,32.8300000,32.8100000,32.8300000,1600
SNGSP,1,20161213,145100,32.8300000,32.8700000,32.8300000,32.8700000,53700
SNGSP,1,20161213,145200,32.8700000,32.8800000,32.8450000,32.8800000,42700
SNGSP,1,20161213,145300,32.8900000,32.9000000,32.8700000,32.8800000,72900
SNGSP,1,20161213,145400,32.8800000,32.9000000,32.8800000,32.9000000,27100
SNGSP,1,20161213,145500,32.8950000,32.8950000,32.8700000,32.8700000,7300
SNGSP,1,20161213,145600,32.8700000,32.9000000,32.8700000,32.8900000,89700
SNGSP,1,20161213,145700,32.8900000,32.8900000,32.8750000,32.8750000,2600
SNGSP,1,20161213,145800,32.8900000,32.9000000,32.8850000,32.8900000,31500
SNGSP,1,20161213,145900,32.8950000,32.8950000,32.8600000,32.8600000,43500
SNGSP,1,20161213,150000,32.8800000,32.8800000,32.8450000,32.8800000,43100
SNGSP,1,20161213,150100,32.8850000,32.9000000,32.8800000,32.8850000,49100
SNGSP,1,20161213,150200,32.8900000,32.9000000,32.8750000,32.8850000,11200
SNGSP,1,20161213,150300,32.8850000,32.8850000,32.8550000,32.8550000,12300
SNGSP,1,20161213,150400,32.8550000,32.8550000,32.8200000,32.8200000,48500
SNGSP,1,20161213,150500,32.8300000,32.8350000,32.8100000,32.8100000,69000
SNGSP,1,20161213,150600,32.8150000,32.8300000,32.8050000,32.8300000,40600
SNGSP,1,20161213,150700,32.8300000,32.8550000,32.8100000,32.8550000,49000
SNGSP,1,20161213,150800,32.8550000,32.8550000,32.8200000,32.8200000,3300
SNGSP,1,20161213,150900,32.8500000,32.8600000,32.8350000,32.8350000,40400
SNGSP,1,20161213,151000,32.8600000,32.8600000,32.8500000,32.8600000,57700
SNGSP,1,20161213,151100,32.8550000,32.8750000,32.8550000,32.8600000,19400
SNGSP,1,20161213,151200,32.8750000,32.8750000,32.8600000,32.8700000,700
SNGSP,1,20161213,151300,32.8750000,32.8800000,32.8600000,32.8600000,24000
SNGSP,1,20161213,151400,32.8750000,32.8750000,32.8600000,32.8600000,10000
SNGSP,1,20161213,151500,32.8750000,32.8750000,32.8500000,32.8500000,55800
SNGSP,1,20161213,151600,32.8600000,32.8650000,32.8500000,32.8600000,18000
SNGSP,1,20161213,151700,32.8600000,32.8600000,32.8300000,32.8300000,20600
SNGSP,1,20161213,151800,32.8500000,32.8600000,32.8200000,32.8550000,34700
SNGSP,1,20161213,151900,32.8550000,32.8550000,32.8150000,32.8150000,18400
SNGSP,1,20161213,152000,32.8400000,32.8400000,32.8100000,32.8300000,12000
SNGSP,1,20161213,152100,32.8300000,32.8400000,32.8200000,32.8350000,15800
SNGSP,1,20161213,152200,32.8350000,32.8350000,32.8100000,32.8100000,38100
SNGSP,1,20161213,152300,32.8150000,32.8150000,32.7550000,32.7550000,166100
SNGSP,1,20161213,152400,32.7650000,32.7850000,32.7500000,32.7500000,79200
SNGSP,1,20161213,152500,32.7750000,32.7850000,32.7650000,32.7650000,31200
SNGSP,1,20161213,152600,32.7650000,32.7750000,32.7450000,32.7450000,139800
SNGSP,1,20161213,152700,32.7450000,32.7700000,32.7350000,32.7700000,21600
SNGSP,1,20161213,152800,32.7750000,32.7750000,32.7500000,32.7500000,1800
SNGSP,1,20161213,152900,32.7650000,32.7700000,32.7450000,32.7550000,4600
SNGSP,1,20161213,153000,32.7550000,32.7600000,32.7400000,32.7600000,21200
SNGSP,1,20161213,153100,32.7600000,32.8350000,32.7600000,32.8100000,145900
SNGSP,1,20161213,153200,32.8250000,32.8300000,32.8100000,32.8300000,27100
SNGSP,1,20161213,153300,32.8300000,32.8450000,32.8300000,32.8450000,120400
SNGSP,1,20161213,153400,32.8450000,32.8550000,32.8250000,32.8550000,59700
SNGSP,1,20161213,153500,32.8550000,32.8550000,32.8450000,32.8500000,1500
SNGSP,1,20161213,153600,32.8550000,32.8650000,32.8500000,32.8650000,33600
SNGSP,1,20161213,153700,32.8650000,32.8650000,32.8500000,32.8500000,13400
SNGSP,1,20161213,153800,32.8550000,32.8550000,32.8400000,32.8400000,3500
SNGSP,1,20161213,153900,32.8400000,32.8550000,32.8350000,32.8500000,9600
SNGSP,1,20161213,154000,32.8500000,32.8600000,32.8350000,32.8500000,34700
SNGSP,1,20161213,154100,32.8500000,32.8500000,32.8250000,32.8250000,22600
SNGSP,1,20161213,154200,32.8500000,32.8500000,32.8450000,32.8500000,10700
SNGSP,1,20161213,154300,32.8500000,32.8500000,32.8400000,32.8450000,7600
SNGSP,1,20161213,154400,32.8450000,32.8450000,32.8400000,32.8400000,1700
SNGSP,1,20161213,154500,32.8400000,32.8400000,32.7550000,32.7550000,145300
SNGSP,1,20161213,154600,32.7750000,32.7900000,32.7500000,32.7900000,32100
SNGSP,1,20161213,154700,32.7950000,32.8000000,32.7950000,32.8000000,21200
SNGSP,1,20161213,154800,32.8000000,32.8000000,32.7600000,32.7650000,19300
SNGSP,1,20161213,154900,32.7750000,32.7750000,32.7050000,32.7100000,76900
SNGSP,1,20161213,155000,32.7300000,32.7500000,32.7150000,32.7200000,41200
SNGSP,1,20161213,155100,32.7500000,32.7600000,32.7300000,32.7450000,24700
SNGSP,1,20161213,155200,32.7600000,32.7600000,32.7350000,32.7350000,34000
SNGSP,1,20161213,155300,32.7550000,32.7600000,32.7300000,32.7300000,5000
SNGSP,1,20161213,155400,32.7450000,32.7450000,32.7300000,32.7300000,13800
SNGSP,1,20161213,155500,32.7400000,32.7400000,32.7350000,32.7350000,200
SNGSP,1,20161213,155600,32.7350000,32.7450000,32.7200000,32.7350000,40000
SNGSP,1,20161213,155700,32.7350000,32.7350000,32.7100000,32.7100000,14800
SNGSP,1,20161213,155800,32.7250000,32.7250000,32.6900000,32.6900000,60600
SNGSP,1,20161213,155900,32.6900000,32.6900000,32.6550000,32.6550000,59000
SNGSP,1,20161213,160000,32.6800000,32.6800000,32.6600000,32.6600000,12900
SNGSP,1,20161213,160100,32.6700000,32.6700000,32.6200000,32.6350000,140300
SNGSP,1,20161213,160200,32.6450000,32.6500000,32.6200000,32.6200000,8800
SNGSP,1,20161213,160300,32.6350000,32.6350000,32.6200000,32.6350000,38200
SNGSP,1,20161213,160400,32.6500000,32.6500000,32.6200000,32.6400000,19300
SNGSP,1,20161213,160500,32.6400000,32.6400000,32.6250000,32.6250000,3900
SNGSP,1,20161213,160600,32.6300000,32.6450000,32.6250000,32.6450000,44200
SNGSP,1,20161213,160700,32.6450000,32.6500000,32.6300000,32.6500000,45300
SNGSP,1,20161213,160800,32.6700000,32.6850000,32.6550000,32.6550000,28900
SNGSP,1,20161213,160900,32.6750000,32.6750000,32.6600000,32.6600000,3100
SNGSP,1,20161213,161000,32.6700000,32.6800000,32.6600000,32.6800000,18300
SNGSP,1,20161213,161100,32.6800000,32.6900000,32.6800000,32.6900000,35500
SNGSP,1,20161213,161200,32.6900000,32.6900000,32.6850000,32.6900000,9700
SNGSP,1,20161213,161300,32.6800000,32.6850000,32.6550000,32.6550000,30100
SNGSP,1,20161213,161400,32.6800000,32.6900000,32.6550000,32.6800000,19800
SNGSP,1,20161213,161500,32.6900000,32.6900000,32.6900000,32.6900000,10400
SNGSP,1,20161213,161600,32.6900000,32.6900000,32.6800000,32.6900000,127300
SNGSP,1,20161213,161700,32.6900000,32.6900000,32.6900000,32.6900000,15200
SNGSP,1,20161213,161800,32.6750000,32.6750000,32.6600000,32.6600000,4800
SNGSP,1,20161213,161900,32.6600000,32.6600000,32.6500000,32.6500000,153400
SNGSP,1,20161213,162000,32.6600000,32.6700000,32.6600000,32.6700000,11800
SNGSP,1,20161213,162100,32.6700000,32.6700000,32.6350000,32.6350000,156000
SNGSP,1,20161213,162200,32.6350000,32.6550000,32.6300000,32.6500000,14600
SNGSP,1,20161213,162300,32.6550000,32.6600000,32.6400000,32.6600000,14700
SNGSP,1,20161213,162400,32.6600000,32.6750000,32.6600000,32.6750000,15100
SNGSP,1,20161213,162500,32.6550000,32.6700000,32.6350000,32.6350000,1000
SNGSP,1,20161213,162600,32.6500000,32.6500000,32.6500000,32.6500000,200
SNGSP,1,20161213,162700,32.6500000,32.6500000,32.6300000,32.6500000,14400
SNGSP,1,20161213,162800,32.6350000,32.6350000,32.6100000,32.6100000,32500
SNGSP,1,20161213,162900,32.6250000,32.6250000,32.6000000,32.6150000,99200
SNGSP,1,20161213,163000,32.6150000,32.6150000,32.5950000,32.6100000,73400
SNGSP,1,20161213,163100,32.5900000,32.6300000,32.5900000,32.6200000,41800
SNGSP,1,20161213,163200,32.6200000,32.6250000,32.5700000,32.5700000,179700
SNGSP,1,20161213,163300,32.5950000,32.5950000,32.5650000,32.5650000,28000
SNGSP,1,20161213,163400,32.5800000,32.5850000,32.5600000,32.5750000,57600
SNGSP,1,20161213,163500,32.5750000,32.5750000,32.5500000,32.5750000,29400
SNGSP,1,20161213,163600,32.5750000,32.5750000,32.5500000,32.5500000,26200
SNGSP,1,20161213,163700,32.5650000,32.5750000,32.5550000,32.5700000,9800
SNGSP,1,20161213,163800,32.5600000,32.5850000,32.5600000,32.5800000,30800
SNGSP,1,20161213,163900,32.5800000,32.5900000,32.5650000,32.5900000,39200
SNGSP,1,20161213,164000,32.5750000,32.6650000,32.5750000,32.6300000,175800
SNGSP,1,20161213,164100,32.6300000,32.6600000,32.6300000,32.6600000,38900
SNGSP,1,20161213,164200,32.6600000,32.6750000,32.6350000,32.6350000,66800
SNGSP,1,20161213,164300,32.6650000,32.6650000,32.6200000,32.6600000,38900
SNGSP,1,20161213,164400,32.6400000,32.6400000,32.6400000,32.6400000,15000
SNGSP,1,20161213,164500,32.6400000,32.6550000,32.6300000,32.6500000,22600
SNGSP,1,20161213,164600,32.6500000,32.6550000,32.6300000,32.6500000,44600
SNGSP,1,20161213,164700,32.6500000,32.6550000,32.6250000,32.6300000,10500
SNGSP,1,20161213,164800,32.6300000,32.6300000,32.6100000,32.6100000,7600
SNGSP,1,20161213,164900,32.6100000,32.6350000,32.6000000,32.6350000,12800
SNGSP,1,20161213,165000,32.6350000,32.6350000,32.5800000,32.5800000,71900
SNGSP,1,20161213,165100,32.5900000,32.6200000,32.5750000,32.6200000,109700
SNGSP,1,20161213,165200,32.6350000,32.6450000,32.5850000,32.5850000,124400
SNGSP,1,20161213,165300,32.6150000,32.6150000,32.5500000,32.5500000,111500
SNGSP,1,20161213,165400,32.5450000,32.5750000,32.5300000,32.5700000,147500
SNGSP,1,20161213,165500,32.5700000,32.5750000,32.5450000,32.5700000,22600
SNGSP,1,20161213,165600,32.5700000,32.5750000,32.5550000,32.5750000,12100
SNGSP,1,20161213,165700,32.5700000,32.5750000,32.5700000,32.5750000,24100
SNGSP,1,20161213,165800,32.5750000,32.5750000,32.5750000,32.5750000,13800
SNGSP,1,20161213,165900,32.5750000,32.5850000,32.5700000,32.5850000,34900
SNGSP,1,20161213,170000,32.5900000,32.6150000,32.5800000,32.6150000,14300
SNGSP,1,20161213,170100,32.5800000,32.6750000,32.5800000,32.6600000,93000
SNGSP,1,20161213,170200,32.6500000,32.6600000,32.6400000,32.6400000,18500
SNGSP,1,20161213,170300,32.6350000,32.6350000,32.6150000,32.6150000,7900
SNGSP,1,20161213,170400,32.6400000,32.6500000,32.6200000,32.6500000,4300
SNGSP,1,20161213,170500,32.6500000,32.6500000,32.6500000,32.6500000,1600
SNGSP,1,20161213,170600,32.6500000,32.6550000,32.6500000,32.6550000,14600
SNGSP,1,20161213,170800,32.6350000,32.6500000,32.6300000,32.6300000,3200
SNGSP,1,20161213,170900,32.6300000,32.6300000,32.6150000,32.6150000,6500
SNGSP,1,20161213,171000,32.6350000,32.6400000,32.6200000,32.6200000,21400
SNGSP,1,20161213,171100,32.6200000,32.6400000,32.6200000,32.6350000,5800
SNGSP,1,20161213,171200,32.6200000,32.6350000,32.6200000,32.6350000,1800
SNGSP,1,20161213,171300,32.6250000,32.6250000,32.6200000,32.6200000,4400
SNGSP,1,20161213,171400,32.6200000,32.6200000,32.5900000,32.6100000,31900
SNGSP,1,20161213,171500,32.6100000,32.6150000,32.5850000,32.6100000,35600
SNGSP,1,20161213,171600,32.6100000,32.6100000,32.6000000,32.6050000,14800
SNGSP,1,20161213,171700,32.6000000,32.6100000,32.5900000,32.6050000,11500
SNGSP,1,20161213,171800,32.6050000,32.6050000,32.5850000,32.5850000,7000
SNGSP,1,20161213,171900,32.5900000,32.5900000,32.5800000,32.5800000,9600
SNGSP,1,20161213,172000,32.5900000,32.5900000,32.5750000,32.5750000,16800
SNGSP,1,20161213,172100,32.5800000,32.5850000,32.5750000,32.5850000,15600
SNGSP,1,20161213,172200,32.5850000,32.6100000,32.5800000,32.6100000,48100
SNGSP,1,20161213,172300,32.6100000,32.6100000,32.5950000,32.5950000,10400
SNGSP,1,20161213,172400,32.6050000,32.6050000,32.5850000,32.5850000,4200
SNGSP,1,20161213,172500,32.6000000,32.6150000,32.5850000,32.5850000,102700
SNGSP,1,20161213,172600,32.6100000,32.6100000,32.5850000,32.5850000,4700
SNGSP,1,20161213,172700,32.5850000,32.5850000,32.5850000,32.5850000,1000
SNGSP,1,20161213,172800,32.5900000,32.6350000,32.5900000,32.6300000,114100
SNGSP,1,20161213,172900,32.6350000,32.6350000,32.6150000,32.6300000,4100
SNGSP,1,20161213,173000,32.6300000,32.6400000,32.6150000,32.6150000,9000
SNGSP,1,20161213,173100,32.6350000,32.6450000,32.5950000,32.6400000,146500
SNGSP,1,20161213,173200,32.6400000,32.6500000,32.6400000,32.6500000,23900
SNGSP,1,20161213,173300,32.6450000,32.6550000,32.6450000,32.6450000,8600
SNGSP,1,20161213,173400,32.6450000,32.6550000,32.6200000,32.6200000,32400
SNGSP,1,20161213,173500,32.6200000,32.6350000,32.6000000,32.6100000,13400
SNGSP,1,20161213,173600,32.6250000,32.6250000,32.6150000,32.6250000,12600
SNGSP,1,20161213,173700,32.6200000,32.6250000,32.6200000,32.6250000,7700
SNGSP,1,20161213,173800,32.6150000,32.6300000,32.6100000,32.6300000,28800
SNGSP,1,20161213,173900,32.6300000,32.6300000,32.6100000,32.6100000,4600
SNGSP,1,20161213,174000,32.6250000,32.6250000,32.5850000,32.5850000,135900
SNGSP,1,20161213,174100,32.5800000,32.6350000,32.5750000,32.6350000,78100
SNGSP,1,20161213,174200,32.6300000,32.6550000,32.6200000,32.6500000,241300
SNGSP,1,20161213,174300,32.6500000,32.7000000,32.6500000,32.7000000,354600
SNGSP,1,20161213,174400,32.7000000,32.7000000,32.6800000,32.6800000,47500
SNGSP,1,20161213,174500,32.6800000,32.6800000,32.6750000,32.6750000,8000
SNGSP,1,20161213,174600,32.6750000,32.6800000,32.6350000,32.6350000,64300
SNGSP,1,20161213,174700,32.6350000,32.6500000,32.6350000,32.6500000,14100
SNGSP,1,20161213,174800,32.6350000,32.6650000,32.6350000,32.6650000,18700
SNGSP,1,20161213,174900,32.6450000,32.6550000,32.6200000,32.6350000,47300
SNGSP,1,20161213,175000,32.6500000,32.6500000,32.6500000,32.6500000,100
SNGSP,1,20161213,175100,32.6500000,32.6550000,32.6500000,32.6550000,24000
SNGSP,1,20161213,175200,32.6550000,32.6550000,32.6500000,32.6500000,17700
SNGSP,1,20161213,175300,32.6600000,32.6600000,32.6500000,32.6500000,9300
SNGSP,1,20161213,175400,32.6600000,32.6750000,32.6600000,32.6700000,47800
SNGSP,1,20161213,175500,32.6700000,32.6900000,32.6700000,32.6900000,265200
SNGSP,1,20161213,175600,32.6900000,32.6900000,32.6800000,32.6800000,27200
SNGSP,1,20161213,175700,32.6800000,32.6850000,32.6700000,32.6700000,11100
SNGSP,1,20161213,175800,32.6750000,32.6750000,32.6700000,32.6750000,138900
SNGSP,1,20161213,175900,32.6750000,32.7000000,32.6700000,32.6800000,74600
SNGSP,1,20161213,180000,32.6900000,32.6900000,32.6900000,32.6900000,900
SNGSP,1,20161213,180100,32.6900000,32.7350000,32.6900000,32.7050000,270000
SNGSP,1,20161213,180200,32.6900000,32.7000000,32.6900000,32.7000000,33100
SNGSP,1,20161213,180300,32.7000000,32.7000000,32.6750000,32.6750000,68400
SNGSP,1,20161213,180400,32.6700000,32.7000000,32.6700000,32.7000000,39400
SNGSP,1,20161213,180500,32.6850000,32.6850000,32.6750000,32.6750000,53800
SNGSP,1,20161213,180600,32.6900000,32.6900000,32.6700000,32.6700000,136400
SNGSP,1,20161213,180700,32.6800000,32.6800000,32.6800000,32.6800000,3000
SNGSP,1,20161213,180800,32.6800000,32.6850000,32.6300000,32.6300000,87000
SNGSP,1,20161213,180900,32.6600000,32.6600000,32.6200000,32.6200000,43400
SNGSP,1,20161213,181000,32.6200000,32.6300000,32.6200000,32.6200000,50700
SNGSP,1,20161213,181100,32.6350000,32.6400000,32.6350000,32.6400000,15300
SNGSP,1,20161213,181200,32.6350000,32.6350000,32.6200000,32.6250000,39100
SNGSP,1,20161213,181300,32.6250000,32.6250000,32.6100000,32.6100000,154900
SNGSP,1,20161213,181400,32.6200000,32.6250000,32.6000000,32.6250000,43400
SNGSP,1,20161213,181500,32.6150000,32.6250000,32.6000000,32.6000000,31400
SNGSP,1,20161213,181600,32.6100000,32.6100000,32.6000000,32.6100000,8500
SNGSP,1,20161213,181700,32.6000000,32.6200000,32.6000000,32.6200000,21100
SNGSP,1,20161213,181800,32.6200000,32.6200000,32.6000000,32.6150000,16600
SNGSP,1,20161213,181900,32.6150000,32.6150000,32.6000000,32.6000000,25800
SNGSP,1,20161213,182000,32.6100000,32.6150000,32.5800000,32.5800000,49800
SNGSP,1,20161213,182100,32.6000000,32.6000000,32.5800000,32.6000000,12000
SNGSP,1,20161213,182200,32.6050000,32.6050000,32.6000000,32.6000000,9700
SNGSP,1,20161213,182300,32.6000000,32.6100000,32.5900000,32.5900000,5600
SNGSP,1,20161213,182400,32.6100000,32.6100000,32.5800000,32.6000000,54000
SNGSP,1,20161213,182500,32.5850000,32.6000000,32.5700000,32.5700000,29700
SNGSP,1,20161213,182600,32.5700000,32.5900000,32.5600000,32.5600000,55100
SNGSP,1,20161213,182700,32.5800000,32.5800000,32.5600000,32.5600000,8000
SNGSP,1,20161213,182800,32.5700000,32.5700000,32.5550000,32.5550000,19300
SNGSP,1,20161213,182900,32.5600000,32.5600000,32.5300000,32.5500000,113300
SNGSP,1,20161213,183000,32.5500000,32.5650000,32.5400000,32.5500000,41900
SNGSP,1,20161213,183100,32.5500000,32.5900000,32.5400000,32.5450000,101600
SNGSP,1,20161213,183200,32.5450000,32.5600000,32.5450000,32.5550000,19600
SNGSP,1,20161213,183300,32.5550000,32.5600000,32.5400000,32.5400000,80500
