TATN,1,20161213,100100,394.8500000,397.9500000,394.8500000,397.7500000,11430
TATN,1,20161213,100200,397.5500000,397.5500000,396.6000000,397.3000000,6190
TATN,1,20161213,100300,397.2500000,397.3000000,396.4000000,397.2500000,1430
TATN,1,20161213,100400,397.0500000,397.0500000,395.9000000,395.9000000,190
TATN,1,20161213,100500,396.8000000,396.8500000,396.4000000,396.4000000,130
TATN,1,20161213,100600,396.2500000,396.2500000,395.4000000,395.9000000,1740
TATN,1,20161213,100700,395.7000000,396.0000000,395.7000000,395.9500000,1690
TATN,1,20161213,100800,395.8000000,396.0000000,395.5000000,396.0000000,930
TATN,1,20161213,100900,396.0000000,396.0000000,395.2500000,396.0000000,6520
TATN,1,20161213,101000,396.0000000,397.0000000,396.0000000,397.0000000,2010
TATN,1,20161213,101100,397.0000000,397.9000000,397.0000000,397.4000000,9080
TATN,1,20161213,101200,397.7000000,397.7000000,397.4000000,397.7000000,1630
TATN,1,20161213,101300,397.4000000,397.5000000,396.6000000,397.5000000,4670
TATN,1,20161213,101400,397.1500000,397.6000000,396.8500000,396.8500000,1650
TATN,1,20161213,101500,396.8500000,397.6000000,396.8500000,397.6000000,1750
TATN,1,20161213,101600,397.2000000,397.7500000,397.2000000,397.7500000,3970
TATN,1,20161213,101700,397.7500000,397.8000000,397.6000000,397.6000000,5160
TATN,1,20161213,101800,397.6000000,397.9000000,397.6000000,397.7000000,2040
TATN,1,20161213,101900,397.8500000,398.4500000,397.7500000,398.4500000,8310
TATN,1,20161213,102000,398.3000000,399.0000000,396.9000000,397.5500000,14730
TATN,1,20161213,102100,397.5500000,398.1500000,397.0500000,397.8500000,4500
TATN,1,20161213,102200,397.9500000,398.2500000,397.6000000,398.0500000,1810
TATN,1,20161213,102300,398.0000000,398.5000000,397.8500000,397.9500000,2300
TATN,1,20161213,102400,397.8500000,397.8500000,397.1500000,397.4000000,4760
TATN,1,20161213,102500,397.4000000,398.1500000,397.4000000,397.6500000,5430
TATN,1,20161213,102600,397.9500000,398.3500000,397.7500000,398.3500000,5130
TATN,1,20161213,102700,398.2500000,398.3000000,397.9500000,397.9500000,400
TATN,1,20161213,102800,398.1500000,398.2500000,397.9000000,397.9000000,420
TATN,1,20161213,102900,397.8000000,397.8000000,397.8000000,397.8000000,120
TATN,1,20161213,103000,398.0500000,398.3000000,397.9500000,398.3000000,850
TATN,1,20161213,103100,398.3000000,398.7000000,398.3000000,398.7000000,4630
TATN,1,20161213,103200,398.7000000,398.7000000,398.3500000,398.3500000,1520
TATN,1,20161213,103300,398.6000000,398.7000000,398.4000000,398.7000000,70
TATN,1,20161213,103400,398.7000000,398.7000000,398.4500000,398.6500000,2020
TATN,1,20161213,103500,398.6500000,399.4000000,398.6500000,399.4000000,7420
TATN,1,20161213,103600,399.0500000,399.8500000,399.0500000,399.8000000,6100
TATN,1,20161213,103700,399.5000000,399.5000000,399.0500000,399.1500000,2260
TATN,1,20161213,103800,399.1500000,399.3500000,399.0500000,399.1000000,2690
TATN,1,20161213,103900,399.3000000,399.3000000,399.0500000,399.0500000,340
TATN,1,20161213,104000,399.0500000,399.1500000,398.1000000,398.7000000,15240
TATN,1,20161213,104100,398.6000000,398.6000000,398.1000000,398.3500000,2980
TATN,1,20161213,104200,398.5000000,398.7000000,398.3000000,398.7000000,700
TATN,1,20161213,104300,398.4000000,398.4500000,398.3500000,398.4500000,220
TATN,1,20161213,104400,398.2000000,398.2000000,398.1500000,398.1500000,180
TATN,1,20161213,104500,398.2000000,398.4000000,397.7000000,397.7000000,4260
TATN,1,20161213,104600,397.8000000,397.8500000,397.4000000,397.8500000,3300
TATN,1,20161213,104700,397.9500000,398.0500000,397.5500000,397.5500000,580
TATN,1,20161213,104800,397.6000000,397.6000000,397.6000000,397.6000000,10
TATN,1,20161213,104900,397.9500000,397.9500000,397.9500000,397.9500000,60
TATN,1,20161213,105000,397.9500000,398.6500000,397.9500000,398.0500000,3280
TATN,1,20161213,105100,397.9500000,398.0000000,397.7500000,398.0000000,120
TATN,1,20161213,105200,398.0500000,398.1000000,398.0500000,398.1000000,130
TATN,1,20161213,105300,398.0500000,398.1000000,397.9000000,398.1000000,2390
TATN,1,20161213,105400,398.2500000,398.2500000,397.7500000,397.7500000,90
TATN,1,20161213,105500,398.3000000,398.3500000,398.3000000,398.3500000,100
TATN,1,20161213,105600,398.5000000,398.5500000,398.4500000,398.5000000,170
TATN,1,20161213,105700,398.3000000,398.3000000,397.8500000,398.1000000,330
TATN,1,20161213,105800,398.1000000,398.2000000,398.1000000,398.2000000,270
TATN,1,20161213,105900,398.0500000,398.1000000,398.0500000,398.1000000,140
TATN,1,20161213,110000,397.9000000,398.1000000,397.9000000,398.1000000,140
TATN,1,20161213,110100,397.8000000,398.5000000,397.7500000,398.5000000,1300
TATN,1,20161213,110200,398.5000000,398.8500000,398.5000000,398.8500000,2070
TATN,1,20161213,110300,398.9500000,399.0000000,398.6500000,399.0000000,2010
TATN,1,20161213,110400,398.8500000,399.6500000,398.8500000,399.6500000,5290
TATN,1,20161213,110500,399.6500000,400.3500000,399.6500000,400.3500000,3970
TATN,1,20161213,110600,400.0000000,400.6000000,399.9500000,400.4000000,3220
TATN,1,20161213,110700,400.4000000,400.6000000,399.1000000,400.0500000,6400
TATN,1,20161213,110800,400.0500000,400.9500000,400.0000000,400.0500000,13710
TATN,1,20161213,110900,400.3000000,400.8500000,400.2500000,400.8500000,5180
TATN,1,20161213,111000,400.8500000,402.0000000,400.8500000,402.0000000,28060
TATN,1,20161213,111100,401.9000000,401.9000000,401.5000000,401.6000000,450
TATN,1,20161213,111200,401.4500000,401.6500000,401.2000000,401.3000000,1080
TATN,1,20161213,111300,401.2500000,401.9000000,401.2500000,401.9000000,3500
TATN,1,20161213,111400,401.8500000,401.9000000,401.8000000,401.9000000,320
TATN,1,20161213,111500,401.8500000,401.9000000,401.8500000,401.9000000,130
TATN,1,20161213,111600,401.7500000,401.8000000,401.0500000,401.6000000,10210
TATN,1,20161213,111700,401.3000000,401.6500000,400.9000000,401.4500000,10010
TATN,1,20161213,111800,401.3500000,401.3500000,400.3000000,400.4000000,8370
TATN,1,20161213,111900,400.4000000,400.4000000,399.0000000,400.1500000,18350
TATN,1,20161213,112000,399.5500000,399.5500000,398.6500000,398.6500000,460
TATN,1,20161213,112100,398.9000000,399.4000000,398.7000000,399.4000000,360
TATN,1,20161213,112200,399.3000000,399.4000000,398.8000000,398.8000000,470
TATN,1,20161213,112300,398.8000000,399.3500000,398.7500000,398.7500000,1100
TATN,1,20161213,112400,399.0000000,399.4000000,399.0000000,399.4000000,2140
TATN,1,20161213,112500,399.3000000,399.3000000,399.1000000,399.1000000,200
TATN,1,20161213,112600,399.3000000,399.3000000,399.1000000,399.1000000,170
TATN,1,20161213,112700,399.0500000,399.4000000,399.0500000,399.4000000,1240
TATN,1,20161213,112800,399.4000000,399.7500000,399.2500000,399.7000000,1340
TATN,1,20161213,112900,399.7500000,400.4000000,399.7500000,400.4000000,2160
TATN,1,20161213,113000,400.4000000,401.5000000,400.1500000,401.5000000,4580
TATN,1,20161213,113100,401.5000000,401.9000000,401.1500000,401.8500000,5920
TATN,1,20161213,113200,401.3500000,401.9500000,401.3500000,401.9500000,2160
TATN,1,20161213,113300,401.5000000,401.8500000,401.4500000,401.4500000,320
TATN,1,20161213,113400,401.7500000,401.9500000,401.4500000,401.8000000,2670
TATN,1,20161213,113500,401.5500000,401.5500000,400.6500000,400.9500000,2660
TATN,1,20161213,113600,401.1500000,401.1500000,400.6500000,401.0000000,580
TATN,1,20161213,113700,401.0000000,401.2500000,401.0000000,401.2500000,1350
TATN,1,20161213,113800,401.4500000,401.9500000,401.4500000,401.6500000,4040
TATN,1,20161213,113900,401.4500000,401.9500000,401.4500000,401.9500000,1190
TATN,1,20161213,114000,401.7500000,401.7500000,401.5500000,401.5500000,270
TATN,1,20161213,114100,401.5000000,401.5000000,400.0000000,401.1000000,9820
TATN,1,20161213,114200,400.8000000,400.8000000,400.2500000,400.2500000,220
TATN,1,20161213,114300,400.3000000,400.7500000,400.3000000,400.6000000,890
TATN,1,20161213,114400,400.7500000,400.8500000,400.4000000,400.8000000,4490
TATN,1,20161213,114500,400.8000000,400.9500000,400.3000000,400.3000000,3150
TATN,1,20161213,114600,400.9000000,401.4000000,400.6500000,401.4000000,3360
TATN,1,20161213,114700,401.4000000,401.7500000,401.1000000,401.6500000,8080
TATN,1,20161213,114800,401.5000000,401.8000000,401.1500000,401.4500000,2650
TATN,1,20161213,114900,401.4500000,401.6000000,401.1000000,401.6000000,1200
TATN,1,20161213,115000,401.6000000,401.9000000,401.3500000,401.4500000,4810
TATN,1,20161213,115100,401.5500000,401.7000000,401.3500000,401.7000000,200
TATN,1,20161213,115200,401.4000000,401.7000000,401.0000000,401.0000000,720
TATN,1,20161213,115300,400.8000000,400.9000000,400.0000000,400.0000000,2680
TATN,1,20161213,115400,399.9500000,400.5500000,399.9000000,399.9000000,790
TATN,1,20161213,115500,399.7500000,399.7500000,399.0000000,399.0000000,1050
TATN,1,20161213,115600,398.9500000,399.6000000,398.6500000,399.3000000,2710
TATN,1,20161213,115700,399.3000000,399.3000000,398.6000000,398.6000000,540
TATN,1,20161213,115800,398.6000000,400.1500000,398.5500000,399.8500000,5130
TATN,1,20161213,115900,399.9000000,399.9000000,399.0500000,399.7000000,2660
TATN,1,20161213,120000,399.4500000,399.4500000,399.4500000,399.4500000,70
TATN,1,20161213,120100,399.7000000,399.7000000,399.1500000,399.1500000,3050
TATN,1,20161213,120200,398.9000000,399.3000000,398.8500000,398.9000000,740
TATN,1,20161213,120300,398.9500000,398.9500000,398.9000000,398.9000000,190
TATN,1,20161213,120400,398.8500000,399.1000000,398.6000000,399.0500000,2580
TATN,1,20161213,120500,399.0500000,399.8000000,398.7000000,399.4500000,3030
TATN,1,20161213,120600,399.1500000,399.7500000,398.8000000,399.2500000,3860
TATN,1,20161213,120700,398.8000000,399.1500000,398.7500000,399.1000000,1170
TATN,1,20161213,120800,399.1500000,399.2000000,398.3500000,398.7000000,4950
TATN,1,20161213,120900,398.4500000,398.6500000,398.2000000,398.6000000,6430
TATN,1,20161213,121000,398.4000000,398.4000000,397.9000000,397.9000000,2610
TATN,1,20161213,121100,397.9000000,398.2500000,397.9000000,397.9500000,760
TATN,1,20161213,121200,398.0000000,398.4500000,397.9000000,398.4000000,3700
TATN,1,20161213,121300,398.4000000,398.7500000,397.9000000,398.4000000,8070
TATN,1,20161213,121400,398.3500000,398.5500000,397.6000000,397.6000000,8850
TATN,1,20161213,121500,398.0000000,398.0000000,398.0000000,398.0000000,30
TATN,1,20161213,121600,397.7000000,398.0000000,397.6500000,397.6500000,730
TATN,1,20161213,121700,397.8500000,397.9000000,397.5500000,397.5500000,1080
TATN,1,20161213,121800,397.5000000,397.5000000,396.7000000,396.9000000,6090
TATN,1,20161213,121900,396.9000000,396.9500000,396.9000000,396.9000000,300
TATN,1,20161213,122000,396.9000000,397.0000000,396.5500000,396.9000000,2340
TATN,1,20161213,122100,396.9000000,396.9000000,396.5000000,396.5000000,1800
TATN,1,20161213,122200,396.5500000,396.6000000,395.7500000,395.7500000,4020
TATN,1,20161213,122300,395.7000000,397.0500000,395.7000000,396.5500000,17540
TATN,1,20161213,122400,396.5500000,396.5500000,395.9500000,396.5000000,4500
TATN,1,20161213,122500,396.4500000,396.6000000,395.2500000,395.3000000,12530
TATN,1,20161213,122600,395.5500000,395.8000000,395.5500000,395.8000000,5240
TATN,1,20161213,122700,395.7500000,395.7500000,394.5500000,394.7500000,14560
TATN,1,20161213,122800,394.7000000,394.7500000,394.4000000,394.7000000,2340
TATN,1,20161213,122900,394.7500000,395.3500000,394.6000000,395.3000000,5730
TATN,1,20161213,123000,395.3000000,395.5500000,395.2000000,395.4500000,1830
TATN,1,20161213,123100,395.2000000,395.4000000,394.8500000,395.0500000,4150
TATN,1,20161213,123200,394.8000000,395.5500000,394.7000000,395.0500000,3510
TATN,1,20161213,123300,395.4000000,395.4000000,394.4000000,394.4000000,4140
TATN,1,20161213,123400,394.4500000,394.4500000,393.2500000,393.2500000,10430
TATN,1,20161213,123500,393.6500000,393.6500000,393.2500000,393.5500000,400
TATN,1,20161213,123600,393.5000000,393.6500000,393.2500000,393.5000000,810
TATN,1,20161213,123700,393.2500000,393.4500000,392.6000000,392.6000000,5570
TATN,1,20161213,123800,392.6000000,393.6000000,392.6000000,393.6000000,3200
TATN,1,20161213,123900,393.6000000,393.6500000,393.6000000,393.6500000,320
TATN,1,20161213,124000,393.4000000,393.4500000,393.0000000,393.4500000,2480
TATN,1,20161213,124100,393.1000000,393.3500000,393.1000000,393.3500000,1650
TATN,1,20161213,124200,393.3500000,393.7500000,393.3500000,393.7500000,8740
TATN,1,20161213,124300,393.7000000,393.7000000,393.2000000,393.5500000,2140
TATN,1,20161213,124400,393.2000000,393.5500000,392.6000000,392.6500000,4290
TATN,1,20161213,124500,392.8500000,392.8500000,392.2000000,392.5000000,6070
TATN,1,20161213,124600,392.7000000,393.3000000,392.7000000,393.3000000,3380
TATN,1,20161213,124700,393.3000000,393.3000000,392.8500000,393.2000000,2080
TATN,1,20161213,124800,393.1000000,393.1000000,393.1000000,393.1000000,1090
TATN,1,20161213,124900,393.1000000,393.1000000,392.9500000,393.0500000,130
TATN,1,20161213,125000,393.0000000,393.0000000,392.0000000,392.2500000,6370
TATN,1,20161213,125100,392.4000000,392.4000000,392.2500000,392.3500000,150
TATN,1,20161213,125200,392.3500000,392.4500000,392.3500000,392.4500000,120
TATN,1,20161213,125300,392.2500000,392.4000000,392.0000000,392.4000000,2200
TATN,1,20161213,125400,392.4000000,392.4500000,391.3000000,391.3000000,11170
TATN,1,20161213,125500,391.5000000,391.7000000,391.3000000,391.5000000,2140
TATN,1,20161213,125600,391.7000000,391.7000000,391.5000000,391.7000000,2270
TATN,1,20161213,125700,391.5500000,391.7000000,391.5000000,391.6000000,1470
TATN,1,20161213,125800,391.6500000,391.7000000,390.9500000,391.4500000,13450
TATN,1,20161213,125900,391.4500000,391.4500000,391.4500000,391.4500000,2110
TATN,1,20161213,130000,391.5500000,391.9500000,391.4000000,391.9500000,2450
TATN,1,20161213,130100,392.0000000,392.0000000,391.2500000,391.2500000,610
TATN,1,20161213,130200,391.8000000,391.8000000,391.7000000,391.7000000,110
TATN,1,20161213,130300,391.3500000,391.3500000,390.9000000,390.9000000,5900
TATN,1,20161213,130400,391.1000000,391.1000000,391.1000000,391.1000000,50
TATN,1,20161213,130500,391.3000000,391.3000000,391.3000000,391.3000000,30
TATN,1,20161213,130600,391.1500000,391.1500000,390.7000000,391.0500000,7320
TATN,1,20161213,130700,391.0500000,391.0500000,390.7000000,390.7000000,4010
TATN,1,20161213,130800,390.7000000,390.8500000,390.5000000,390.5000000,5340
TATN,1,20161213,130900,390.4500000,390.4500000,390.2000000,390.3000000,4050
TATN,1,20161213,131000,390.3000000,390.8000000,390.3000000,390.7500000,2050
TATN,1,20161213,131100,390.8000000,391.2500000,390.8000000,391.0000000,7000
TATN,1,20161213,131300,391.1500000,391.1500000,390.8500000,390.8500000,1970
TATN,1,20161213,131400,391.0000000,391.2500000,391.0000000,391.2500000,1500
TATN,1,20161213,131500,391.2000000,391.6000000,391.2000000,391.4500000,3640
TATN,1,20161213,131600,391.4500000,391.7500000,391.4000000,391.7000000,5090
TATN,1,20161213,131700,391.7000000,392.0000000,391.7000000,392.0000000,4320
TATN,1,20161213,131800,391.8000000,392.1000000,391.7000000,391.7500000,6360
TATN,1,20161213,131900,391.7500000,392.1000000,391.7500000,391.7500000,5920
TATN,1,20161213,132000,391.7500000,391.7500000,391.3000000,391.3500000,4100
TATN,1,20161213,132100,391.2500000,391.3500000,390.6000000,390.9500000,4700
TATN,1,20161213,132200,390.9500000,391.2000000,390.7500000,391.2000000,4950
TATN,1,20161213,132300,391.1000000,391.6000000,390.9500000,391.6000000,1740
TATN,1,20161213,132400,391.4500000,391.7000000,391.4000000,391.7000000,2020
TATN,1,20161213,132500,391.7000000,391.7000000,391.6000000,391.6000000,380
TATN,1,20161213,132600,391.7000000,392.5000000,391.6500000,391.7500000,20590
TATN,1,20161213,132700,391.6000000,392.0500000,391.6000000,392.0500000,4810
TATN,1,20161213,132800,392.0000000,392.0000000,391.8000000,391.8000000,140
TATN,1,20161213,132900,392.0000000,392.2500000,392.0000000,392.2500000,300
TATN,1,20161213,133000,392.2000000,392.2000000,391.2500000,391.6000000,5850
TATN,1,20161213,133100,391.6500000,391.7500000,391.5500000,391.5500000,1460
TATN,1,20161213,133200,391.4000000,391.5000000,391.1500000,391.1500000,600
TATN,1,20161213,133300,391.4000000,391.4000000,391.0500000,391.2000000,3390
TATN,1,20161213,133400,391.4000000,391.6500000,391.0500000,391.5000000,9540
TATN,1,20161213,133500,391.5000000,391.9500000,391.0500000,391.9000000,13750
TATN,1,20161213,133600,391.6000000,391.6000000,391.3500000,391.5500000,4170
TATN,1,20161213,133700,391.5500000,391.7500000,391.5500000,391.7500000,1020
TATN,1,20161213,133800,391.8000000,392.0000000,391.7500000,392.0000000,950
TATN,1,20161213,133900,391.7000000,391.7000000,391.7000000,391.7000000,170
TATN,1,20161213,134000,391.9000000,392.0000000,391.9000000,392.0000000,640
TATN,1,20161213,134100,391.8000000,391.9500000,391.8000000,391.9500000,60
TATN,1,20161213,134200,391.9500000,392.0000000,391.6000000,391.9500000,2000
TATN,1,20161213,134300,391.9500000,392.0500000,391.7000000,391.7000000,1440
TATN,1,20161213,134400,391.7500000,391.7500000,390.7500000,391.0000000,12590
TATN,1,20161213,134500,391.1000000,391.5500000,391.1000000,391.1000000,5690
TATN,1,20161213,134600,391.4000000,391.5000000,391.2000000,391.5000000,5700
TATN,1,20161213,134700,391.5500000,391.5500000,390.2000000,390.8000000,20750
TATN,1,20161213,134800,390.8000000,391.1000000,390.3000000,390.8000000,7590
TATN,1,20161213,134900,390.7500000,390.8500000,390.7000000,390.8000000,1170
TATN,1,20161213,135000,390.8000000,391.4000000,390.8000000,391.3500000,5530
TATN,1,20161213,135100,391.6500000,391.7000000,390.8000000,391.4000000,2040
TATN,1,20161213,135200,391.3500000,391.5000000,390.8500000,391.5000000,1890
TATN,1,20161213,135300,391.6000000,391.6500000,391.6000000,391.6000000,250
TATN,1,20161213,135400,391.6000000,391.6500000,391.6000000,391.6500000,380
TATN,1,20161213,135500,391.4500000,391.8000000,391.4500000,391.8000000,5440
TATN,1,20161213,135600,391.7500000,391.8500000,391.3000000,391.5500000,1630
TATN,1,20161213,135700,391.7500000,392.0500000,391.7000000,391.7000000,1090
TATN,1,20161213,135800,392.0000000,392.0500000,392.0000000,392.0500000,580
TATN,1,20161213,135900,392.0500000,392.9500000,392.0500000,392.4500000,2620
TATN,1,20161213,140000,392.7500000,392.8000000,392.7500000,392.8000000,210
TATN,1,20161213,140100,392.8000000,392.8000000,392.8000000,392.8000000,10
TATN,1,20161213,140300,392.8000000,393.5000000,392.5000000,393.5000000,3810
TATN,1,20161213,140400,393.7000000,394.9000000,393.7000000,394.6000000,3090
TATN,1,20161213,140500,395.0000000,395.3000000,394.3500000,394.3500000,4930
TATN,1,20161213,140600,394.7000000,396.6000000,394.2500000,396.6000000,26450
TATN,1,20161213,140700,396.6000000,397.0000000,396.1000000,396.4500000,10790
TATN,1,20161213,140800,396.7500000,397.1000000,395.7000000,395.7000000,2780
TATN,1,20161213,140900,396.4500000,396.4500000,395.5000000,395.5000000,530
TATN,1,20161213,141000,395.8500000,395.8500000,394.4500000,394.4500000,1240
TATN,1,20161213,141100,395.1500000,395.1500000,394.5500000,394.5500000,1990
TATN,1,20161213,141200,394.5000000,394.9500000,394.0500000,394.1500000,4200
TATN,1,20161213,141300,394.6000000,394.7000000,394.1000000,394.1000000,530
TATN,1,20161213,141400,394.3000000,394.6000000,394.3000000,394.5000000,30
TATN,1,20161213,141500,394.0500000,394.9000000,394.0000000,394.9000000,6340
TATN,1,20161213,141600,395.0500000,396.6500000,395.0500000,396.6500000,5790
TATN,1,20161213,141700,396.6500000,396.7000000,395.6000000,395.6000000,2740
TATN,1,20161213,141800,395.8500000,395.9000000,395.8500000,395.8500000,90
TATN,1,20161213,141900,395.8500000,396.5500000,395.0500000,396.5000000,25870
TATN,1,20161213,142000,396.5000000,396.6500000,396.1500000,396.3000000,390
TATN,1,20161213,142100,396.3000000,396.6500000,396.3000000,396.6000000,600
TATN,1,20161213,142200,396.6000000,396.7500000,396.3000000,396.4500000,2420
TATN,1,20161213,142300,396.7000000,396.9500000,396.3500000,396.8500000,11740
TATN,1,20161213,142400,396.4000000,396.8500000,396.3000000,396.6000000,3030
TATN,1,20161213,142500,396.8000000,397.0500000,396.2000000,396.8500000,5270
TATN,1,20161213,142600,396.7500000,397.0000000,396.5500000,397.0000000,1410
TATN,1,20161213,142700,396.9000000,397.0000000,396.5500000,396.5500000,1730
TATN,1,20161213,142800,397.0000000,397.0000000,396.7000000,397.0000000,110
TATN,1,20161213,142900,396.9000000,396.9000000,396.9000000,396.9000000,80
TATN,1,20161213,143000,396.9000000,396.9000000,396.6000000,396.6000000,1850
TATN,1,20161213,143100,396.8500000,396.9500000,396.4000000,396.9000000,9590
TATN,1,20161213,143200,396.9000000,396.9000000,396.4000000,396.8000000,2920
TATN,1,20161213,143300,396.8000000,396.8500000,396.5500000,396.5500000,310
TATN,1,20161213,143400,396.7000000,396.8000000,396.1000000,396.1000000,7850
TATN,1,20161213,143500,396.5500000,396.7500000,396.1000000,396.2000000,5600
TATN,1,20161213,143600,396.3500000,396.3500000,395.9500000,396.3000000,2660
TATN,1,20161213,143700,396.3000000,396.9500000,395.9000000,396.9500000,6370
TATN,1,20161213,143800,396.9500000,397.0000000,396.8500000,396.8500000,470
TATN,1,20161213,143900,397.0000000,397.0000000,396.6000000,396.6000000,790
TATN,1,20161213,144000,396.9500000,397.6000000,396.5500000,397.6000000,6140
TATN,1,20161213,144100,397.6000000,397.7000000,397.2000000,397.2000000,520
TATN,1,20161213,144200,397.7000000,397.7000000,397.3500000,397.7000000,1940
TATN,1,20161213,144300,397.7000000,398.0000000,397.7000000,398.0000000,4500
TATN,1,20161213,144400,397.9500000,398.0000000,397.8500000,397.9500000,160
TATN,1,20161213,144500,397.9000000,397.9500000,397.9000000,397.9000000,210
TATN,1,20161213,144600,397.9000000,397.9000000,397.4500000,397.4500000,470
TATN,1,20161213,144700,397.9000000,397.9000000,397.6000000,397.6000000,40
TATN,1,20161213,144800,397.6000000,397.6000000,396.9500000,396.9500000,1840
TATN,1,20161213,144900,397.2500000,397.3000000,396.6500000,397.0500000,2140
TATN,1,20161213,145000,397.0500000,397.0500000,396.8000000,396.8000000,30
TATN,1,20161213,145100,397.0500000,397.0500000,396.6000000,396.9000000,1170
TATN,1,20161213,145200,396.9000000,396.9000000,396.9000000,396.9000000,90
TATN,1,20161213,145300,396.9000000,397.3500000,396.9000000,397.3500000,4670
TATN,1,20161213,145400,397.3500000,397.9500000,397.3500000,397.7000000,4100
TATN,1,20161213,145500,397.7500000,397.8500000,397.7500000,397.8500000,120
TATN,1,20161213,145600,397.9000000,398.3000000,397.9000000,398.3000000,6150
TATN,1,20161213,145700,398.3000000,398.3000000,398.3000000,398.3000000,170
TATN,1,20161213,145800,398.3000000,399.0000000,398.3000000,398.6000000,8110
TATN,1,20161213,145900,398.6500000,398.9000000,398.5500000,398.6000000,130
TATN,1,20161213,150000,398.8000000,399.3500000,398.5500000,399.3500000,3190
TATN,1,20161213,150100,399.3000000,399.3000000,398.3000000,398.3000000,610
TATN,1,20161213,150200,398.3000000,399.4000000,398.3000000,399.3500000,4710
TATN,1,20161213,150300,399.4000000,399.8500000,399.4000000,399.5000000,4660
TATN,1,20161213,150400,399.8500000,399.8500000,399.5000000,399.5000000,220
TATN,1,20161213,150500,399.7500000,399.9500000,399.5500000,399.5500000,2300
TATN,1,20161213,150600,399.8500000,400.0000000,399.8000000,399.9500000,1450
TATN,1,20161213,150700,399.9500000,401.0000000,399.8500000,401.0000000,7440
TATN,1,20161213,150800,401.0000000,401.0000000,400.6500000,400.6500000,140
TATN,1,20161213,150900,400.8500000,401.2500000,400.5500000,401.1000000,3300
TATN,1,20161213,151000,401.1000000,401.3000000,400.0000000,400.0000000,4770
TATN,1,20161213,151100,400.2000000,400.2500000,399.6500000,399.6500000,860
TATN,1,20161213,151200,399.9000000,399.9500000,398.4000000,398.8500000,4270
TATN,1,20161213,151300,398.9500000,399.4500000,397.9500000,398.0000000,7210
TATN,1,20161213,151400,398.6500000,398.6500000,396.7500000,396.7500000,12070
TATN,1,20161213,151500,397.1500000,397.2500000,396.8500000,397.2000000,970
TATN,1,20161213,151600,397.2500000,397.5000000,397.2000000,397.3000000,5400
TATN,1,20161213,151700,397.4500000,397.5000000,397.3000000,397.5000000,3590
TATN,1,20161213,151800,397.5000000,397.5000000,397.2500000,397.5000000,1590
TATN,1,20161213,151900,397.5000000,397.5000000,397.2500000,397.2500000,70
TATN,1,20161213,152000,397.4500000,397.4500000,397.4500000,397.4500000,40
TATN,1,20161213,152100,397.4500000,397.5000000,397.2500000,397.3000000,970
TATN,1,20161213,152200,397.4500000,397.4500000,397.1000000,397.3500000,1720
TATN,1,20161213,152300,397.3500000,397.5000000,397.0500000,397.5000000,1910
TATN,1,20161213,152400,397.5000000,397.9000000,397.3000000,397.9000000,4340
TATN,1,20161213,152500,397.9000000,397.9000000,397.3000000,397.7500000,3010
TATN,1,20161213,152600,397.7500000,397.7500000,397.4000000,397.4500000,500
TATN,1,20161213,152700,397.7500000,397.7500000,397.2000000,397.2000000,2500
TATN,1,20161213,152800,397.6000000,397.6000000,396.9000000,397.3000000,1350
TATN,1,20161213,152900,397.3000000,397.3000000,396.6000000,396.6000000,1250
TATN,1,20161213,153000,396.6000000,397.5000000,396.0000000,397.0500000,19030
TATN,1,20161213,153100,397.0500000,397.3500000,396.8000000,396.8000000,1710
TATN,1,20161213,153200,397.0000000,397.0500000,396.6500000,397.0500000,780
TATN,1,20161213,153300,397.0500000,397.7000000,397.0500000,397.5500000,3520
TATN,1,20161213,153400,397.7500000,397.8000000,397.7000000,397.8000000,260
TATN,1,20161213,153500,397.8000000,397.8000000,397.8000000,397.8000000,10
TATN,1,20161213,153600,397.8000000,397.8000000,397.8000000,397.8000000,620
TATN,1,20161213,153700,397.8000000,397.9000000,397.8000000,397.9000000,14520
TATN,1,20161213,153800,397.9000000,397.9000000,397.8000000,397.8000000,1070
TATN,1,20161213,153900,397.9000000,397.9000000,397.7500000,397.9000000,1080
TATN,1,20161213,154000,397.9000000,398.8500000,397.9000000,398.8500000,20010
TATN,1,20161213,154100,398.7000000,399.1000000,398.3000000,399.1000000,930
TATN,1,20161213,154200,399.1000000,399.3000000,397.7500000,398.1500000,7730
TATN,1,20161213,154300,398.3000000,398.3000000,397.3500000,398.0500000,1980
TATN,1,20161213,154400,398.0500000,398.0500000,397.8500000,397.8500000,30
TATN,1,20161213,154500,397.8000000,398.2500000,397.6000000,398.0000000,1980
TATN,1,20161213,154600,398.2500000,398.6500000,398.2000000,398.6500000,2590
TATN,1,20161213,154700,398.6500000,398.7500000,398.3500000,398.7000000,6540
TATN,1,20161213,154800,398.7500000,398.7500000,398.7000000,398.7000000,20
TATN,1,20161213,154900,398.6500000,398.6500000,398.0000000,398.0000000,2560
TATN,1,20161213,155000,398.3500000,398.3500000,398.1000000,398.2000000,1490
TATN,1,20161213,155100,398.2000000,398.4000000,398.0000000,398.4000000,1480
TATN,1,20161213,155200,398.3000000,398.3000000,397.9000000,397.9000000,4690
TATN,1,20161213,155300,398.3500000,398.3500000,397.9500000,397.9500000,100
TATN,1,20161213,155400,398.1500000,398.1500000,398.1500000,398.1500000,100
TATN,1,20161213,155500,398.3500000,399.0500000,398.3500000,399.0500000,3240
TATN,1,20161213,155600,398.8500000,399.4500000,398.8500000,399.1000000,3220
TATN,1,20161213,155700,399.3000000,399.3000000,397.3500000,398.3000000,7980
TATN,1,20161213,155800,398.5000000,398.5000000,397.6500000,397.7500000,850
TATN,1,20161213,155900,397.8500000,397.8500000,397.5000000,397.6000000,260
TATN,1,20161213,160000,397.4500000,397.6000000,397.2000000,397.6000000,2950
TATN,1,20161213,160100,397.6000000,397.6000000,397.4000000,397.4000000,50
TATN,1,20161213,160200,397.5000000,397.5000000,397.5000000,397.5000000,1360
TATN,1,20161213,160300,397.6500000,397.9500000,397.5000000,397.5000000,1880
TATN,1,20161213,160400,397.8500000,397.9000000,397.6000000,397.9000000,370
TATN,1,20161213,160500,397.8500000,397.8500000,397.6000000,397.6000000,3840
TATN,1,20161213,160600,397.9500000,398.0000000,397.6500000,397.9000000,650
TATN,1,20161213,160700,397.5500000,397.9500000,397.5000000,397.9500000,1170
TATN,1,20161213,160800,397.9500000,398.3500000,397.9000000,398.2500000,5500
TATN,1,20161213,160900,398.1500000,398.3500000,398.1000000,398.3500000,330
TATN,1,20161213,161000,398.3500000,398.3500000,397.7000000,398.2000000,3960
TATN,1,20161213,161100,398.2000000,398.2000000,397.5500000,397.5500000,2340
TATN,1,20161213,161200,398.1000000,398.1000000,398.1000000,398.1000000,60
TATN,1,20161213,161300,398.1000000,398.1000000,398.1000000,398.1000000,100
TATN,1,20161213,161400,398.0500000,398.7000000,397.8500000,398.7000000,4690
TATN,1,20161213,161500,398.8500000,399.0000000,398.8500000,399.0000000,520
TATN,1,20161213,161600,399.0000000,399.0000000,397.5500000,398.3500000,7550
TATN,1,20161213,161700,398.3500000,398.4000000,398.2500000,398.4000000,1590
TATN,1,20161213,161800,398.3500000,398.3500000,398.3500000,398.3500000,150
TATN,1,20161213,161900,398.3500000,398.3500000,397.8000000,397.8000000,470
TATN,1,20161213,162000,398.3000000,398.6000000,398.3000000,398.6000000,2240
TATN,1,20161213,162100,398.6000000,398.6000000,398.6000000,398.6000000,40
TATN,1,20161213,162200,398.6000000,398.6000000,398.3000000,398.5500000,600
TATN,1,20161213,162300,398.5500000,398.5500000,398.0000000,398.5000000,2150
TATN,1,20161213,162400,398.5500000,398.7000000,397.9500000,398.6000000,4320
TATN,1,20161213,162500,398.6000000,398.6000000,397.6500000,397.8500000,2610
TATN,1,20161213,162600,398.1500000,398.1500000,397.8500000,397.8500000,80
TATN,1,20161213,162700,397.9500000,398.1000000,397.4000000,398.1000000,920
TATN,1,20161213,162800,398.1000000,398.1000000,397.7500000,397.8500000,230
TATN,1,20161213,162900,398.0500000,398.4000000,397.4000000,398.4000000,3250
TATN,1,20161213,163000,398.4000000,398.8000000,398.1000000,398.8000000,5570
TATN,1,20161213,163100,398.8500000,398.8500000,396.8500000,397.5500000,16080
TATN,1,20161213,163200,397.2500000,397.3000000,396.9000000,397.2500000,2270
TATN,1,20161213,163300,397.2500000,397.2500000,396.7500000,397.2000000,220
TATN,1,20161213,163400,397.2000000,397.2500000,396.3500000,396.9500000,3570
TATN,1,20161213,163500,396.9500000,397.0000000,396.9000000,396.9500000,1110
TATN,1,20161213,163600,397.0500000,397.1000000,396.9500000,396.9500000,1330
TATN,1,20161213,163700,397.0000000,397.1000000,396.9000000,397.1000000,1840
TATN,1,20161213,163800,397.1000000,397.4000000,397.1000000,397.4000000,2100
TATN,1,20161213,163900,397.4000000,397.7000000,397.4000000,397.7000000,1570
TATN,1,20161213,164000,397.7000000,398.3000000,397.7000000,398.3000000,1960
TATN,1,20161213,164100,398.3000000,398.3000000,398.3000000,398.3000000,10
TATN,1,20161213,164200,398.2000000,398.2000000,398.0000000,398.0000000,380
TATN,1,20161213,164300,398.2000000,398.2500000,398.2000000,398.2500000,1090
TATN,1,20161213,164400,397.9000000,398.0500000,397.6500000,397.9000000,690
TATN,1,20161213,164500,397.9000000,398.1000000,397.9000000,398.1000000,2790
TATN,1,20161213,164600,398.2000000,398.6000000,398.0500000,398.6000000,4080
TATN,1,20161213,164700,398.0500000,398.4000000,397.6500000,397.9500000,3620
TATN,1,20161213,164800,398.1500000,398.1500000,398.1500000,398.1500000,10
TATN,1,20161213,164900,398.1000000,398.1500000,396.4500000,396.9000000,11290
TATN,1,20161213,165000,396.9000000,396.9500000,396.0000000,396.1000000,4750
TATN,1,20161213,165100,396.4000000,396.6000000,396.2500000,396.5500000,2080
TATN,1,20161213,165200,396.5500000,397.1000000,396.3000000,396.8500000,6980
TATN,1,20161213,165300,396.4500000,396.4500000,396.3000000,396.4500000,1370
TATN,1,20161213,165400,396.5000000,396.8500000,396.1000000,396.8500000,7990
TATN,1,20161213,165500,396.8000000,396.9500000,396.3500000,396.8000000,4420
TATN,1,20161213,165600,396.8000000,396.8000000,395.8000000,396.2000000,6450
TATN,1,20161213,165700,395.8000000,396.2000000,395.8000000,396.2000000,1800
TATN,1,20161213,165800,396.3000000,396.4000000,395.9000000,395.9000000,3010
TATN,1,20161213,165900,396.1000000,396.3000000,395.7000000,395.9500000,5620
TATN,1,20161213,170000,396.3000000,396.8000000,396.1500000,396.7000000,2020
TATN,1,20161213,170100,396.3000000,397.3000000,396.3000000,397.2000000,11390
TATN,1,20161213,170200,396.6000000,396.9000000,396.5500000,396.9000000,1560
TATN,1,20161213,170300,396.9000000,396.9500000,396.3500000,396.3500000,750
TATN,1,20161213,170400,396.3500000,396.7000000,396.3500000,396.7000000,720
TATN,1,20161213,170500,396.7000000,396.7500000,396.7000000,396.7000000,940
TATN,1,20161213,170600,397.1000000,397.1000000,397.1000000,397.1000000,30
TATN,1,20161213,170700,396.6500000,397.0000000,396.6500000,397.0000000,240
TATN,1,20161213,170800,396.7000000,396.7000000,396.7000000,396.7000000,30
TATN,1,20161213,170900,396.6500000,396.6500000,396.2000000,396.4500000,3770
TATN,1,20161213,171000,396.4500000,396.4500000,396.4000000,396.4000000,430
TATN,1,20161213,171100,396.3000000,396.8000000,396.0500000,396.4500000,1890
TATN,1,20161213,171200,396.8000000,396.8000000,396.8000000,396.8000000,30
TATN,1,20161213,171400,396.8000000,396.8000000,396.7500000,396.7500000,610
TATN,1,20161213,171500,396.8000000,397.1500000,396.8000000,397.1000000,1550
TATN,1,20161213,171600,396.8500000,396.9500000,396.4500000,396.9500000,2620
TATN,1,20161213,171800,396.4500000,396.6000000,396.4000000,396.6000000,1390
TATN,1,20161213,171900,396.6000000,396.6000000,396.2000000,396.2000000,1300
TATN,1,20161213,172000,396.3000000,396.3000000,396.0000000,396.0000000,1760
TATN,1,20161213,172100,396.0500000,396.6000000,396.0000000,396.6000000,1680
TATN,1,20161213,172200,396.4500000,396.7500000,396.4500000,396.7500000,480
TATN,1,20161213,172300,396.5000000,396.5000000,396.1000000,396.1000000,2080
TATN,1,20161213,172400,396.6000000,396.6000000,396.6000000,396.6000000,10
TATN,1,20161213,172500,396.4500000,396.5000000,396.2000000,396.5000000,820
TATN,1,20161213,172600,396.5000000,396.5000000,396.1000000,396.5000000,2950
TATN,1,20161213,172700,396.7500000,396.7500000,396.7500000,396.7500000,30
TATN,1,20161213,172800,396.7000000,397.0000000,396.7000000,396.7000000,1690
TATN,1,20161213,172900,396.6500000,396.7500000,396.6500000,396.7500000,380
TATN,1,20161213,173000,396.8500000,397.2500000,396.4500000,396.7000000,5480
TATN,1,20161213,173100,396.9000000,397.2000000,396.3500000,396.9000000,14590
TATN,1,20161213,173200,396.9000000,396.9500000,396.4500000,396.6000000,16520
TATN,1,20161213,173300,397.0000000,397.1000000,396.3000000,396.9000000,6230
TATN,1,20161213,173400,396.8000000,396.8000000,396.6500000,396.6500000,1860
TATN,1,20161213,173500,396.9000000,396.9000000,396.5000000,396.5000000,1040
TATN,1,20161213,173600,396.7500000,396.7500000,396.4000000,396.6500000,1910
TATN,1,20161213,173700,396.7000000,396.7000000,396.4000000,396.4000000,1450
TATN,1,20161213,173800,396.6000000,396.6000000,396.2500000,396.2500000,1510
TATN,1,20161213,173900,396.4500000,396.5500000,396.3500000,396.3500000,1080
TATN,1,20161213,174000,396.5500000,396.9000000,396.5500000,396.7500000,4130
TATN,1,20161213,174100,396.9000000,397.3000000,396.9000000,397.2500000,3880
TATN,1,20161213,174200,397.2500000,397.8000000,397.2500000,397.7500000,4180
TATN,1,20161213,174300,397.6000000,398.8000000,397.6000000,398.8000000,9380
TATN,1,20161213,174400,398.6000000,399.4000000,398.4500000,399.0000000,7980
TATN,1,20161213,174500,399.3500000,399.7000000,398.9500000,399.7000000,7920
TATN,1,20161213,174600,399.8000000,400.1500000,399.6000000,399.6000000,12040
TATN,1,20161213,174700,399.6500000,400.5000000,399.5000000,400.5000000,13640
TATN,1,20161213,174800,400.3500000,401.4000000,400.2000000,401.2000000,15330
TATN,1,20161213,174900,401.3500000,401.8000000,401.0000000,401.7500000,7510
TATN,1,20161213,175000,401.7500000,402.8500000,401.7500000,402.7000000,14120
TATN,1,20161213,175100,402.8500000,403.5500000,402.7000000,403.0500000,17760
TATN,1,20161213,175200,403.0500000,403.6500000,402.4500000,402.4500000,14240
TATN,1,20161213,175300,402.5000000,402.9500000,402.3000000,402.6500000,3660
TATN,1,20161213,175400,402.8500000,402.9000000,402.6000000,402.9000000,650
TATN,1,20161213,175500,402.8500000,403.7500000,402.8500000,403.6000000,22900
TATN,1,20161213,175600,403.6500000,404.7500000,403.6500000,404.3500000,13710
TATN,1,20161213,175700,404.4000000,404.8000000,404.0500000,404.8000000,6830
TATN,1,20161213,175800,404.8500000,404.9500000,404.0500000,404.2500000,9620
TATN,1,20161213,175900,404.4000000,404.9500000,403.8000000,404.5000000,7600
TATN,1,20161213,180000,404.9000000,404.9000000,404.7000000,404.7000000,3770
TATN,1,20161213,180100,404.8000000,405.0500000,404.5000000,404.7500000,9990
TATN,1,20161213,180200,405.0000000,405.4500000,404.8000000,405.3000000,4950
TATN,1,20161213,180300,405.3500000,405.3500000,404.6500000,404.8500000,12480
TATN,1,20161213,180400,404.9500000,405.6000000,404.6000000,405.1500000,7580
TATN,1,20161213,180500,405.1500000,405.2500000,404.8000000,405.1500000,5810
TATN,1,20161213,180600,404.9500000,404.9500000,403.3500000,403.3500000,4530
TATN,1,20161213,180700,403.6000000,404.4500000,403.2000000,403.9500000,15790
TATN,1,20161213,180800,403.9000000,404.7000000,403.9000000,404.3500000,6420
TATN,1,20161213,180900,404.3500000,404.3500000,403.3000000,403.3000000,19700
TATN,1,20161213,181000,403.2500000,403.8500000,403.2000000,403.8500000,5400
TATN,1,20161213,181100,403.8000000,404.2000000,403.7000000,403.9500000,2310
TATN,1,20161213,181200,404.1500000,404.4500000,402.9500000,403.0000000,14750
TATN,1,20161213,181300,403.0500000,403.8500000,403.0000000,403.4500000,7260
TATN,1,20161213,181400,403.4500000,404.1500000,403.3000000,403.9000000,2600
TATN,1,20161213,181500,404.2500000,404.4000000,403.5000000,403.5000000,20500
TATN,1,20161213,181600,403.5500000,404.0000000,403.5000000,403.7000000,3250
TATN,1,20161213,181700,403.4500000,404.2500000,403.4500000,404.1500000,6200
TATN,1,20161213,181800,403.8500000,404.0000000,403.6500000,403.9500000,7100
TATN,1,20161213,181900,403.7000000,404.7000000,403.7000000,404.5000000,12380
TATN,1,20161213,182000,404.7000000,404.9000000,404.6500000,404.9000000,1860
TATN,1,20161213,182100,404.9000000,405.3000000,404.9000000,405.0000000,11070
TATN,1,20161213,182200,405.2500000,405.2500000,404.7500000,404.7500000,900
TATN,1,20161213,182300,404.5500000,405.2000000,404.5500000,404.7500000,3210
TATN,1,20161213,182400,404.7500000,405.1500000,404.0500000,404.7000000,11910
TATN,1,20161213,182500,404.9000000,405.3000000,404.9000000,405.3000000,6810
TATN,1,20161213,182600,405.3000000,405.3500000,404.9000000,405.3500000,14420
TATN,1,20161213,182700,405.0500000,405.3500000,405.0000000,405.1500000,580
TATN,1,20161213,182800,405.1500000,405.7000000,405.1500000,405.7000000,23880
TATN,1,20161213,182900,405.7000000,406.0000000,405.7000000,406.0000000,8480
TATN,1,20161213,183000,405.9500000,405.9500000,405.2500000,405.6000000,3770
TATN,1,20161213,183100,405.6000000,406.1500000,405.0000000,405.7000000,12670
TATN,1,20161213,183200,405.3000000,405.5500000,404.5500000,404.6500000,8260
TATN,1,20161213,183300,404.7000000,404.7500000,403.2500000,403.6000000,14230
TATN,1,20161213,183400,403.4000000,403.9000000,403.1500000,403.5500000,13600
