VTBR,1,20161213,100100,0.0735500,0.0738400,0.0735000,0.0738400,119290000
VTBR,1,20161213,100200,0.0738300,0.0738800,0.0735000,0.0736700,137340000
VTBR,1,20161213,100300,0.0736700,0.0737300,0.0736600,0.0736700,17550000
VTBR,1,20161213,100400,0.0737000,0.0737600,0.0735000,0.0735900,86260000
VTBR,1,20161213,100500,0.0736000,0.0736500,0.0735700,0.0736000,9470000
VTBR,1,20161213,100600,0.0736000,0.0736000,0.0735300,0.0735900,9480000
VTBR,1,20161213,100700,0.0736000,0.0736000,0.0735000,0.0735700,46490000
VTBR,1,20161213,100800,0.0735200,0.0735700,0.0735200,0.0735700,1890000
VTBR,1,20161213,100900,0.0735700,0.0735700,0.0734000,0.0735300,88730000
VTBR,1,20161213,101000,0.0735200,0.0735700,0.0734200,0.0734800,20800000
VTBR,1,20161213,101100,0.0734800,0.0734900,0.0734000,0.0734100,73030000
VTBR,1,20161213,101200,0.0734300,0.0734700,0.0731800,0.0732100,67610000
VTBR,1,20161213,101300,0.0732500,0.0733800,0.0732200,0.0733600,16130000
VTBR,1,20161213,101400,0.0733600,0.0735000,0.0732800,0.0733800,87960000
VTBR,1,20161213,101500,0.0733600,0.0733800,0.0733100,0.0733800,7400000
VTBR,1,20161213,101600,0.0733500,0.0734500,0.0733400,0.0734500,12080000
VTBR,1,20161213,101700,0.0734500,0.0734900,0.0734100,0.0734100,8280000
VTBR,1,20161213,101800,0.0734500,0.0735000,0.0734500,0.0735000,10330000
VTBR,1,20161213,101900,0.0735200,0.0735700,0.0735100,0.0735700,4980000
VTBR,1,20161213,102000,0.0735500,0.0736800,0.0735500,0.0736800,16390000
VTBR,1,20161213,102100,0.0736900,0.0738100,0.0736300,0.0738100,22820000
VTBR,1,20161213,102200,0.0738100,0.0739300,0.0737600,0.0739200,86940000
VTBR,1,20161213,102300,0.0739500,0.0739900,0.0739200,0.0739500,126400000
VTBR,1,20161213,102400,0.0739600,0.0739900,0.0739300,0.0739900,145780000
VTBR,1,20161213,102500,0.0739700,0.0739700,0.0738600,0.0738900,123000000
VTBR,1,20161213,102600,0.0739100,0.0742300,0.0739100,0.0742300,433290000
VTBR,1,20161213,102700,0.0742300,0.0743500,0.0741900,0.0743500,109220000
VTBR,1,20161213,102800,0.0743500,0.0743500,0.0743000,0.0743300,150700000
VTBR,1,20161213,102900,0.0743200,0.0743500,0.0742500,0.0743500,126030000
VTBR,1,20161213,103000,0.0743500,0.0743800,0.0742800,0.0743800,158730000
VTBR,1,20161213,103100,0.0743800,0.0744500,0.0742500,0.0744500,151430000
VTBR,1,20161213,103200,0.0744400,0.0744500,0.0742600,0.0742700,130540000
VTBR,1,20161213,103300,0.0742700,0.0743000,0.0742300,0.0742600,54470000
VTBR,1,20161213,103400,0.0742600,0.0743000,0.0742600,0.0742800,173910000
VTBR,1,20161213,103500,0.0742600,0.0742600,0.0735100,0.0742000,462380000
VTBR,1,20161213,103600,0.0742100,0.0742100,0.0738300,0.0741500,165760000
VTBR,1,20161213,103700,0.0741400,0.0742900,0.0741400,0.0741500,81830000
VTBR,1,20161213,103800,0.0741600,0.0742500,0.0741500,0.0741600,17200000
VTBR,1,20161213,103900,0.0741800,0.0742400,0.0739500,0.0740300,75590000
VTBR,1,20161213,104000,0.0740600,0.0741000,0.0740100,0.0740500,35780000
VTBR,1,20161213,104100,0.0740500,0.0740900,0.0740400,0.0740700,1990000
VTBR,1,20161213,104200,0.0740500,0.0742900,0.0740200,0.0742900,78750000
VTBR,1,20161213,104300,0.0742100,0.0742400,0.0741700,0.0741700,9140000
VTBR,1,20161213,104400,0.0742000,0.0742700,0.0741600,0.0742300,9580000
VTBR,1,20161213,104500,0.0742000,0.0742000,0.0741500,0.0741500,14760000
VTBR,1,20161213,104600,0.0741500,0.0742000,0.0741400,0.0742000,17930000
VTBR,1,20161213,104700,0.0742000,0.0742500,0.0741900,0.0742500,26400000
VTBR,1,20161213,104800,0.0742000,0.0743000,0.0742000,0.0742900,15810000
VTBR,1,20161213,104900,0.0742400,0.0743000,0.0742300,0.0743000,27220000
VTBR,1,20161213,105000,0.0742900,0.0744500,0.0742900,0.0744000,141860000
VTBR,1,20161213,105100,0.0743900,0.0744000,0.0743700,0.0743700,49160000
VTBR,1,20161213,105200,0.0743900,0.0744300,0.0743600,0.0744300,2830000
VTBR,1,20161213,105300,0.0744000,0.0744000,0.0743100,0.0744000,23790000
VTBR,1,20161213,105400,0.0743800,0.0743900,0.0743300,0.0743400,750000
VTBR,1,20161213,105500,0.0743600,0.0743700,0.0743200,0.0743700,5670000
VTBR,1,20161213,105600,0.0743500,0.0743700,0.0742600,0.0742900,70610000
VTBR,1,20161213,105700,0.0742800,0.0743500,0.0742400,0.0743400,28930000
VTBR,1,20161213,105800,0.0743100,0.0743600,0.0742900,0.0742900,82080000
VTBR,1,20161213,105900,0.0742800,0.0742800,0.0740900,0.0741400,40610000
VTBR,1,20161213,110000,0.0741100,0.0741600,0.0741000,0.0741000,21690000
VTBR,1,20161213,110100,0.0741000,0.0742300,0.0741000,0.0742000,38510000
VTBR,1,20161213,110200,0.0742400,0.0742700,0.0742100,0.0742100,2400000
VTBR,1,20161213,110300,0.0742500,0.0742700,0.0742100,0.0742700,11010000
VTBR,1,20161213,110400,0.0742700,0.0743600,0.0741800,0.0741800,99510000
VTBR,1,20161213,110500,0.0742000,0.0743700,0.0742000,0.0743700,95860000
VTBR,1,20161213,110600,0.0743700,0.0743800,0.0742700,0.0743600,44680000
VTBR,1,20161213,110700,0.0743600,0.0743900,0.0743000,0.0743900,18320000
VTBR,1,20161213,110800,0.0743900,0.0744000,0.0743500,0.0744000,111520000
VTBR,1,20161213,110900,0.0743900,0.0744500,0.0743800,0.0744500,199620000
VTBR,1,20161213,111000,0.0744100,0.0744500,0.0743800,0.0744400,114780000
VTBR,1,20161213,111100,0.0744400,0.0744500,0.0743000,0.0743400,125820000
VTBR,1,20161213,111200,0.0743400,0.0743400,0.0742000,0.0742000,33810000
VTBR,1,20161213,111300,0.0742500,0.0744000,0.0742200,0.0743100,15900000
VTBR,1,20161213,111400,0.0743400,0.0744100,0.0743200,0.0743200,20210000
VTBR,1,20161213,111500,0.0743300,0.0743700,0.0743000,0.0743300,7980000
VTBR,1,20161213,111600,0.0743100,0.0744100,0.0743100,0.0744000,25830000
VTBR,1,20161213,111700,0.0743600,0.0744200,0.0743600,0.0744000,31290000
VTBR,1,20161213,111800,0.0743900,0.0744000,0.0743600,0.0743600,1100000
VTBR,1,20161213,111900,0.0743600,0.0744300,0.0743500,0.0744300,31790000
VTBR,1,20161213,112000,0.0744300,0.0744300,0.0743600,0.0743600,5080000
VTBR,1,20161213,112100,0.0743500,0.0743600,0.0743000,0.0743200,32220000
VTBR,1,20161213,112200,0.0743200,0.0743200,0.0742400,0.0742400,19190000
VTBR,1,20161213,112300,0.0742500,0.0742600,0.0741000,0.0742000,54100000
VTBR,1,20161213,112400,0.0741800,0.0741800,0.0740500,0.0740600,56030000
VTBR,1,20161213,112500,0.0740700,0.0741000,0.0740500,0.0740600,1630000
VTBR,1,20161213,112600,0.0740900,0.0741100,0.0740300,0.0741100,49210000
VTBR,1,20161213,112700,0.0741100,0.0742100,0.0741100,0.0742000,6990000
VTBR,1,20161213,112800,0.0741600,0.0743500,0.0741600,0.0742800,156760000
VTBR,1,20161213,112900,0.0742800,0.0743000,0.0742500,0.0742900,8080000
VTBR,1,20161213,113000,0.0742900,0.0743300,0.0741800,0.0742700,44310000
VTBR,1,20161213,113100,0.0742600,0.0743300,0.0742600,0.0743300,34380000
VTBR,1,20161213,113200,0.0743300,0.0743400,0.0742700,0.0743300,10170000
VTBR,1,20161213,113300,0.0743300,0.0743400,0.0742700,0.0742700,1160000
VTBR,1,20161213,113400,0.0742600,0.0743400,0.0742600,0.0743400,25250000
VTBR,1,20161213,113500,0.0743000,0.0743400,0.0742100,0.0742300,26180000
VTBR,1,20161213,113600,0.0742700,0.0743100,0.0741700,0.0742400,32080000
VTBR,1,20161213,113700,0.0742400,0.0743000,0.0741500,0.0741700,42360000
VTBR,1,20161213,113800,0.0742500,0.0743400,0.0742100,0.0743400,65040000
VTBR,1,20161213,113900,0.0743300,0.0743300,0.0742100,0.0742300,56700000
VTBR,1,20161213,114000,0.0742700,0.0743100,0.0742300,0.0742700,3680000
VTBR,1,20161213,114100,0.0742600,0.0743300,0.0742400,0.0743300,28050000
VTBR,1,20161213,114200,0.0743100,0.0743200,0.0742700,0.0742800,2580000
VTBR,1,20161213,114300,0.0742700,0.0743100,0.0742400,0.0742700,59730000
VTBR,1,20161213,114400,0.0742600,0.0742600,0.0742100,0.0742600,20970000
VTBR,1,20161213,114500,0.0742600,0.0743000,0.0742200,0.0742800,30440000
VTBR,1,20161213,114600,0.0742700,0.0742900,0.0741900,0.0742400,65930000
VTBR,1,20161213,114700,0.0742300,0.0742500,0.0741700,0.0742500,57490000
VTBR,1,20161213,114800,0.0742400,0.0742500,0.0742000,0.0742500,16150000
VTBR,1,20161213,114900,0.0742300,0.0742500,0.0742000,0.0742500,8640000
VTBR,1,20161213,115000,0.0742400,0.0743400,0.0742000,0.0742500,46820000
VTBR,1,20161213,115100,0.0742500,0.0742500,0.0742000,0.0742000,2210000
VTBR,1,20161213,115200,0.0742000,0.0742200,0.0741200,0.0741800,38400000
VTBR,1,20161213,115300,0.0741700,0.0741700,0.0740600,0.0740700,19080000
VTBR,1,20161213,115400,0.0740600,0.0740900,0.0739400,0.0739700,32530000
VTBR,1,20161213,115500,0.0739300,0.0739900,0.0739300,0.0739800,15820000
VTBR,1,20161213,115600,0.0739800,0.0740300,0.0737600,0.0738700,162990000
VTBR,1,20161213,115700,0.0738700,0.0739100,0.0736600,0.0737900,404040000
VTBR,1,20161213,115800,0.0737600,0.0737900,0.0733100,0.0733400,301320000
VTBR,1,20161213,115900,0.0733300,0.0734600,0.0733100,0.0733900,107560000
VTBR,1,20161213,120000,0.0733900,0.0733900,0.0729600,0.0730000,419610000
VTBR,1,20161213,120100,0.0730000,0.0730000,0.0725300,0.0726200,646260000
VTBR,1,20161213,120200,0.0725900,0.0730000,0.0725600,0.0729500,440370000
VTBR,1,20161213,120300,0.0729900,0.0731300,0.0728200,0.0731000,211360000
VTBR,1,20161213,120400,0.0730900,0.0731000,0.0728900,0.0730000,90740000
VTBR,1,20161213,120500,0.0730000,0.0730300,0.0729300,0.0729900,58830000
VTBR,1,20161213,120600,0.0729900,0.0730300,0.0729500,0.0729600,35510000
VTBR,1,20161213,120700,0.0729700,0.0730000,0.0729500,0.0729800,20000000
VTBR,1,20161213,120800,0.0730000,0.0730000,0.0729900,0.0730000,62490000
VTBR,1,20161213,120900,0.0730000,0.0730000,0.0728400,0.0729400,136760000
VTBR,1,20161213,121000,0.0729300,0.0730000,0.0728400,0.0730000,46240000
VTBR,1,20161213,121100,0.0729500,0.0729900,0.0728400,0.0729100,15890000
VTBR,1,20161213,121200,0.0729000,0.0730000,0.0728200,0.0729200,23580000
VTBR,1,20161213,121300,0.0729300,0.0731300,0.0729300,0.0730900,63810000
VTBR,1,20161213,121400,0.0730900,0.0733000,0.0730700,0.0732600,100300000
VTBR,1,20161213,121500,0.0732400,0.0732600,0.0732000,0.0732400,18090000
VTBR,1,20161213,121600,0.0732300,0.0732400,0.0731200,0.0731800,17120000
VTBR,1,20161213,121700,0.0731200,0.0732000,0.0731000,0.0731100,10070000
VTBR,1,20161213,121800,0.0731000,0.0731900,0.0730900,0.0731500,24500000
VTBR,1,20161213,121900,0.0731500,0.0732000,0.0731500,0.0731500,56200000
VTBR,1,20161213,122000,0.0731600,0.0732000,0.0731000,0.0731600,20000000
VTBR,1,20161213,122100,0.0731600,0.0732000,0.0728900,0.0729400,97370000
VTBR,1,20161213,122200,0.0729100,0.0730000,0.0728900,0.0728900,44280000
VTBR,1,20161213,122300,0.0728900,0.0729500,0.0727300,0.0728500,68560000
VTBR,1,20161213,122400,0.0728100,0.0728700,0.0727500,0.0728500,41250000
VTBR,1,20161213,122500,0.0728400,0.0729500,0.0727500,0.0727500,91050000
VTBR,1,20161213,122600,0.0727500,0.0728800,0.0727500,0.0728000,53330000
VTBR,1,20161213,122700,0.0728000,0.0728000,0.0726300,0.0726400,103510000
VTBR,1,20161213,122800,0.0726800,0.0727800,0.0723700,0.0725200,315620000
VTBR,1,20161213,122900,0.0725100,0.0726600,0.0722800,0.0726100,207350000
VTBR,1,20161213,123000,0.0726100,0.0726900,0.0725500,0.0726700,77590000
VTBR,1,20161213,123100,0.0726900,0.0728300,0.0722200,0.0722800,385370000
VTBR,1,20161213,123200,0.0722800,0.0724200,0.0722200,0.0723200,71700000
VTBR,1,20161213,123300,0.0723800,0.0724100,0.0723600,0.0724000,9560000
VTBR,1,20161213,123400,0.0723900,0.0724800,0.0723600,0.0724800,30460000
VTBR,1,20161213,123500,0.0724900,0.0726000,0.0724200,0.0725800,37570000
VTBR,1,20161213,123600,0.0725800,0.0726600,0.0725200,0.0726600,75370000
VTBR,1,20161213,123700,0.0726500,0.0726800,0.0726100,0.0726300,37500000
VTBR,1,20161213,123800,0.0726200,0.0726800,0.0726100,0.0726200,23330000
VTBR,1,20161213,123900,0.0726200,0.0728100,0.0726000,0.0727200,114620000
VTBR,1,20161213,124000,0.0726900,0.0727400,0.0725600,0.0727200,25810000
VTBR,1,20161213,124100,0.0727000,0.0727200,0.0726400,0.0726600,23030000
VTBR,1,20161213,124200,0.0726500,0.0726600,0.0726200,0.0726500,6460000
VTBR,1,20161213,124300,0.0726300,0.0726900,0.0726300,0.0726900,18950000
VTBR,1,20161213,124400,0.0726900,0.0727000,0.0726900,0.0727000,11230000
VTBR,1,20161213,124500,0.0726800,0.0727000,0.0726600,0.0726900,5130000
VTBR,1,20161213,124600,0.0726900,0.0727000,0.0726600,0.0727000,23050000
VTBR,1,20161213,124700,0.0727000,0.0727400,0.0727000,0.0727400,19010000
VTBR,1,20161213,124800,0.0727600,0.0727600,0.0727300,0.0727300,21320000
VTBR,1,20161213,124900,0.0727500,0.0728000,0.0727300,0.0727400,36920000
VTBR,1,20161213,125000,0.0727600,0.0727900,0.0727600,0.0727600,620000
VTBR,1,20161213,125100,0.0727500,0.0728000,0.0727400,0.0727900,14320000
VTBR,1,20161213,125200,0.0727800,0.0728200,0.0727600,0.0728100,12780000
VTBR,1,20161213,125300,0.0728200,0.0729000,0.0728000,0.0728500,33590000
VTBR,1,20161213,125400,0.0728500,0.0728900,0.0728500,0.0728800,3630000
VTBR,1,20161213,125500,0.0728500,0.0729000,0.0728500,0.0728900,4250000
VTBR,1,20161213,125600,0.0728600,0.0729300,0.0728200,0.0729100,32380000
VTBR,1,20161213,125700,0.0729200,0.0729200,0.0727600,0.0727600,36950000
VTBR,1,20161213,125800,0.0727600,0.0728900,0.0727300,0.0728900,19110000
VTBR,1,20161213,125900,0.0728200,0.0729000,0.0727500,0.0727700,29410000
VTBR,1,20161213,130000,0.0727600,0.0728900,0.0727600,0.0728600,14610000
VTBR,1,20161213,130100,0.0728600,0.0728700,0.0728000,0.0728400,2240000
VTBR,1,20161213,130200,0.0728000,0.0728400,0.0728000,0.0728300,310000
VTBR,1,20161213,130300,0.0728300,0.0728400,0.0727400,0.0727400,23280000
VTBR,1,20161213,130400,0.0727300,0.0727700,0.0727300,0.0727300,19430000
VTBR,1,20161213,130500,0.0727300,0.0727600,0.0727300,0.0727300,22410000
VTBR,1,20161213,130600,0.0727300,0.0727700,0.0727300,0.0727700,3340000
VTBR,1,20161213,130700,0.0727900,0.0728000,0.0727300,0.0727600,15510000
VTBR,1,20161213,130800,0.0727600,0.0727600,0.0727300,0.0727400,18590000
VTBR,1,20161213,130900,0.0727400,0.0727700,0.0727300,0.0727600,3130000
VTBR,1,20161213,131000,0.0727600,0.0727700,0.0727600,0.0727700,2820000
VTBR,1,20161213,131100,0.0727700,0.0728100,0.0727700,0.0728000,4110000
VTBR,1,20161213,131200,0.0728200,0.0728200,0.0728000,0.0728000,2800000
VTBR,1,20161213,131300,0.0728000,0.0728500,0.0727500,0.0728400,33620000
VTBR,1,20161213,131400,0.0728400,0.0729400,0.0728400,0.0729400,81150000
VTBR,1,20161213,131500,0.0729400,0.0731700,0.0729400,0.0730800,68080000
VTBR,1,20161213,131600,0.0730800,0.0732200,0.0730600,0.0732000,140570000
VTBR,1,20161213,131700,0.0732200,0.0732300,0.0731300,0.0731300,62560000
VTBR,1,20161213,131800,0.0731300,0.0731900,0.0731300,0.0731900,2470000
VTBR,1,20161213,131900,0.0731900,0.0731900,0.0731400,0.0731500,5060000
VTBR,1,20161213,132000,0.0731500,0.0731900,0.0730900,0.0731400,6100000
VTBR,1,20161213,132100,0.0731000,0.0731500,0.0730300,0.0731200,19370000
VTBR,1,20161213,132200,0.0730500,0.0730500,0.0728800,0.0730300,45040000
VTBR,1,20161213,132300,0.0730300,0.0731500,0.0730300,0.0730600,11640000
VTBR,1,20161213,132400,0.0731300,0.0731500,0.0730000,0.0730000,21890000
VTBR,1,20161213,132500,0.0730400,0.0731000,0.0730400,0.0731000,5320000
VTBR,1,20161213,132600,0.0731100,0.0731100,0.0730100,0.0730100,8120000
VTBR,1,20161213,132700,0.0730200,0.0730200,0.0729500,0.0729500,3980000
VTBR,1,20161213,132800,0.0729500,0.0729500,0.0728500,0.0728500,6660000
VTBR,1,20161213,132900,0.0728500,0.0728900,0.0728500,0.0728800,2750000
VTBR,1,20161213,133000,0.0729200,0.0729200,0.0728300,0.0728600,12470000
VTBR,1,20161213,133100,0.0728600,0.0728900,0.0727500,0.0728600,36480000
VTBR,1,20161213,133200,0.0728600,0.0729000,0.0728600,0.0729000,13620000
VTBR,1,20161213,133300,0.0728800,0.0729000,0.0728100,0.0728100,10170000
VTBR,1,20161213,133400,0.0728100,0.0729200,0.0728100,0.0728900,13360000
VTBR,1,20161213,133500,0.0729200,0.0730800,0.0728300,0.0729100,21420000
VTBR,1,20161213,133600,0.0729200,0.0729600,0.0729200,0.0729500,11010000
VTBR,1,20161213,133700,0.0729500,0.0729500,0.0728500,0.0729000,10230000
VTBR,1,20161213,133800,0.0728500,0.0729000,0.0728500,0.0729000,26310000
VTBR,1,20161213,133900,0.0729000,0.0729000,0.0729000,0.0729000,2200000
VTBR,1,20161213,134000,0.0729000,0.0729500,0.0729000,0.0729500,54460000
VTBR,1,20161213,134100,0.0729500,0.0729500,0.0729500,0.0729500,160000
VTBR,1,20161213,134200,0.0729500,0.0729500,0.0728900,0.0728900,20920000
VTBR,1,20161213,134300,0.0729100,0.0729500,0.0729000,0.0729300,4280000
VTBR,1,20161213,134400,0.0729400,0.0729400,0.0728200,0.0729000,5680000
VTBR,1,20161213,134500,0.0728800,0.0729500,0.0728800,0.0729000,17250000
VTBR,1,20161213,134600,0.0728800,0.0729500,0.0728500,0.0729000,31390000
VTBR,1,20161213,134700,0.0728900,0.0728900,0.0728600,0.0728700,260000
VTBR,1,20161213,134800,0.0728700,0.0729000,0.0728400,0.0729000,2260000
VTBR,1,20161213,134900,0.0729000,0.0729400,0.0728600,0.0729300,7260000
VTBR,1,20161213,135000,0.0729200,0.0729200,0.0729000,0.0729200,230000
VTBR,1,20161213,135100,0.0729100,0.0729200,0.0728800,0.0728800,9820000
VTBR,1,20161213,135200,0.0728700,0.0729500,0.0728500,0.0728800,48140000
VTBR,1,20161213,135300,0.0728800,0.0729500,0.0728700,0.0729000,60980000
VTBR,1,20161213,135400,0.0729000,0.0729500,0.0729000,0.0729100,17940000
VTBR,1,20161213,135500,0.0729100,0.0729500,0.0729100,0.0729200,32520000
VTBR,1,20161213,135600,0.0729200,0.0729500,0.0729200,0.0729200,104330000
VTBR,1,20161213,135700,0.0729200,0.0729500,0.0729200,0.0729400,13910000
VTBR,1,20161213,135800,0.0729400,0.0729500,0.0728200,0.0728600,85200000
VTBR,1,20161213,135900,0.0728300,0.0729300,0.0728000,0.0729000,25220000
VTBR,1,20161213,140000,0.0728700,0.0729100,0.0728700,0.0729000,5400000
VTBR,1,20161213,140100,0.0729000,0.0729500,0.0729000,0.0729500,79650000
VTBR,1,20161213,140200,0.0729200,0.0730000,0.0729000,0.0729100,87690000
VTBR,1,20161213,140300,0.0729000,0.0729300,0.0729000,0.0729000,5120000
VTBR,1,20161213,140400,0.0729000,0.0729500,0.0729000,0.0729000,4210000
VTBR,1,20161213,140500,0.0728900,0.0728900,0.0728700,0.0728700,470000
VTBR,1,20161213,140600,0.0728900,0.0730000,0.0728900,0.0729200,99740000
VTBR,1,20161213,140700,0.0729100,0.0729900,0.0728000,0.0729400,87160000
VTBR,1,20161213,140800,0.0729400,0.0729400,0.0728500,0.0729000,7360000
VTBR,1,20161213,140900,0.0728800,0.0729100,0.0728800,0.0729000,7190000
VTBR,1,20161213,141000,0.0729000,0.0729300,0.0729000,0.0729000,8120000
VTBR,1,20161213,141100,0.0729000,0.0730000,0.0729000,0.0729400,20160000
VTBR,1,20161213,141200,0.0729300,0.0729700,0.0729200,0.0729300,35280000
VTBR,1,20161213,141300,0.0729300,0.0729300,0.0728000,0.0728200,77520000
VTBR,1,20161213,141400,0.0728200,0.0728500,0.0728200,0.0728500,100000
VTBR,1,20161213,141500,0.0728600,0.0728900,0.0728500,0.0728800,6540000
VTBR,1,20161213,141600,0.0728700,0.0728800,0.0727900,0.0728800,14930000
VTBR,1,20161213,141700,0.0728600,0.0728600,0.0728600,0.0728600,40000
VTBR,1,20161213,141800,0.0728400,0.0728800,0.0728400,0.0728400,5210000
VTBR,1,20161213,141900,0.0728400,0.0729900,0.0728400,0.0729200,14530000
VTBR,1,20161213,142000,0.0729300,0.0729900,0.0728800,0.0729000,16030000
VTBR,1,20161213,142100,0.0728900,0.0729800,0.0728900,0.0729000,8140000
VTBR,1,20161213,142200,0.0729000,0.0729800,0.0729000,0.0729000,35730000
VTBR,1,20161213,142300,0.0729500,0.0730900,0.0729000,0.0730900,71910000
VTBR,1,20161213,142400,0.0730600,0.0730600,0.0729700,0.0729700,43360000
VTBR,1,20161213,142500,0.0729700,0.0730200,0.0729600,0.0730200,38360000
VTBR,1,20161213,142600,0.0730200,0.0731400,0.0729900,0.0730900,84480000
VTBR,1,20161213,142700,0.0731300,0.0731500,0.0729500,0.0731000,59020000
VTBR,1,20161213,142800,0.0731400,0.0731400,0.0730100,0.0730200,10130000
VTBR,1,20161213,142900,0.0730200,0.0730800,0.0729400,0.0730100,35810000
VTBR,1,20161213,143000,0.0730000,0.0731300,0.0729700,0.0730200,19340000
VTBR,1,20161213,143100,0.0730200,0.0731500,0.0730200,0.0731500,34780000
VTBR,1,20161213,143200,0.0731500,0.0732300,0.0731200,0.0732100,81300000
VTBR,1,20161213,143300,0.0732300,0.0732500,0.0731700,0.0732100,47970000
VTBR,1,20161213,143400,0.0732000,0.0732900,0.0732000,0.0732900,81350000
VTBR,1,20161213,143500,0.0732900,0.0733500,0.0732300,0.0733000,65790000
VTBR,1,20161213,143600,0.0732900,0.0733700,0.0732700,0.0733700,58760000
VTBR,1,20161213,143700,0.0733700,0.0734700,0.0733700,0.0734400,168600000
VTBR,1,20161213,143800,0.0734400,0.0737700,0.0734400,0.0736300,154750000
VTBR,1,20161213,143900,0.0735900,0.0735900,0.0733100,0.0733200,114450000
VTBR,1,20161213,144000,0.0733300,0.0734000,0.0732200,0.0734000,49090000
VTBR,1,20161213,144100,0.0734000,0.0734600,0.0733700,0.0734300,4810000
VTBR,1,20161213,144200,0.0734300,0.0735200,0.0734100,0.0734800,17870000
VTBR,1,20161213,144300,0.0734800,0.0736100,0.0734800,0.0736000,72320000
VTBR,1,20161213,144400,0.0735900,0.0736000,0.0735000,0.0735800,5970000
VTBR,1,20161213,144500,0.0735300,0.0735900,0.0735000,0.0735200,10480000
VTBR,1,20161213,144600,0.0735100,0.0735200,0.0734000,0.0734000,23630000
VTBR,1,20161213,144700,0.0734000,0.0734500,0.0733900,0.0734000,4640000
VTBR,1,20161213,144800,0.0734000,0.0734100,0.0733200,0.0733200,14570000
VTBR,1,20161213,144900,0.0733100,0.0734300,0.0732600,0.0733600,150820000
VTBR,1,20161213,145000,0.0733600,0.0733700,0.0732400,0.0732900,18210000
VTBR,1,20161213,145100,0.0732700,0.0734300,0.0731700,0.0733900,120210000
VTBR,1,20161213,145200,0.0733900,0.0734200,0.0733900,0.0734200,6220000
VTBR,1,20161213,145300,0.0734200,0.0735000,0.0727000,0.0730400,621650000
VTBR,1,20161213,145400,0.0730500,0.0734000,0.0730000,0.0733000,44170000
VTBR,1,20161213,145500,0.0732900,0.0732900,0.0730700,0.0730900,41860000
VTBR,1,20161213,145600,0.0730300,0.0734000,0.0730300,0.0733000,49000000
VTBR,1,20161213,145700,0.0733400,0.0733900,0.0732100,0.0732300,14170000
VTBR,1,20161213,145800,0.0731900,0.0733400,0.0731900,0.0732700,17430000
VTBR,1,20161213,145900,0.0733200,0.0733200,0.0732300,0.0732500,3530000
VTBR,1,20161213,150000,0.0732200,0.0733700,0.0732100,0.0732600,18360000
VTBR,1,20161213,150100,0.0732800,0.0733100,0.0732600,0.0732700,4570000
VTBR,1,20161213,150200,0.0732700,0.0733300,0.0731800,0.0731900,15460000
VTBR,1,20161213,150300,0.0731700,0.0732400,0.0731700,0.0732400,4990000
VTBR,1,20161213,150400,0.0732400,0.0732400,0.0730600,0.0731300,51340000
VTBR,1,20161213,150500,0.0731100,0.0734800,0.0731000,0.0733300,156440000
VTBR,1,20161213,150600,0.0733600,0.0733900,0.0733000,0.0733800,8620000
VTBR,1,20161213,150700,0.0733100,0.0734800,0.0732200,0.0734700,53450000
VTBR,1,20161213,150800,0.0734100,0.0734100,0.0733200,0.0733400,4390000
VTBR,1,20161213,150900,0.0733500,0.0734700,0.0733200,0.0734000,13240000
VTBR,1,20161213,151000,0.0733500,0.0734100,0.0732900,0.0733100,21610000
VTBR,1,20161213,151100,0.0733000,0.0734500,0.0733000,0.0733700,30110000
VTBR,1,20161213,151200,0.0733700,0.0734000,0.0732600,0.0733200,27930000
VTBR,1,20161213,151300,0.0733300,0.0733700,0.0732800,0.0732900,22850000
VTBR,1,20161213,151400,0.0732800,0.0733200,0.0732400,0.0732600,18440000
VTBR,1,20161213,151500,0.0732600,0.0733500,0.0732200,0.0732200,18130000
VTBR,1,20161213,151600,0.0732300,0.0732900,0.0732300,0.0732500,5530000
VTBR,1,20161213,151700,0.0732800,0.0732900,0.0731300,0.0732000,37770000
VTBR,1,20161213,151800,0.0731800,0.0732900,0.0731800,0.0732600,17590000
VTBR,1,20161213,151900,0.0732600,0.0733000,0.0732200,0.0732300,25390000
VTBR,1,20161213,152000,0.0732300,0.0732800,0.0732100,0.0732100,3650000
VTBR,1,20161213,152100,0.0732600,0.0733200,0.0732300,0.0732800,26680000
VTBR,1,20161213,152200,0.0733200,0.0733800,0.0732000,0.0733100,14190000
VTBR,1,20161213,152300,0.0733100,0.0733100,0.0732300,0.0732900,28100000
VTBR,1,20161213,152400,0.0732900,0.0733000,0.0732300,0.0733000,24100000
VTBR,1,20161213,152500,0.0732600,0.0733200,0.0732500,0.0732900,20730000
VTBR,1,20161213,152600,0.0733000,0.0733800,0.0732900,0.0733800,10620000
VTBR,1,20161213,152700,0.0733500,0.0733800,0.0732800,0.0733800,7040000
VTBR,1,20161213,152800,0.0733700,0.0733700,0.0732700,0.0732800,8540000
VTBR,1,20161213,152900,0.0732800,0.0733800,0.0732800,0.0733300,21760000
VTBR,1,20161213,153000,0.0733700,0.0733900,0.0733300,0.0733900,11880000
VTBR,1,20161213,153100,0.0733800,0.0734200,0.0733600,0.0733600,38510000
VTBR,1,20161213,153200,0.0733900,0.0734100,0.0733500,0.0734100,8010000
VTBR,1,20161213,153300,0.0734100,0.0734400,0.0733600,0.0733700,55730000
VTBR,1,20161213,153400,0.0733700,0.0734400,0.0733700,0.0734100,18540000
VTBR,1,20161213,153500,0.0734100,0.0734100,0.0733500,0.0733600,10570000
VTBR,1,20161213,153600,0.0733600,0.0734000,0.0733500,0.0733800,15040000
VTBR,1,20161213,153700,0.0733900,0.0734500,0.0733900,0.0734500,31790000
VTBR,1,20161213,153800,0.0734400,0.0734500,0.0734200,0.0734200,25690000
VTBR,1,20161213,153900,0.0734500,0.0734700,0.0734200,0.0734700,17550000
VTBR,1,20161213,154000,0.0734500,0.0735000,0.0734500,0.0735000,35710000
VTBR,1,20161213,154100,0.0734900,0.0735000,0.0734500,0.0734700,26300000
VTBR,1,20161213,154200,0.0734800,0.0735000,0.0734500,0.0734500,41820000
VTBR,1,20161213,154300,0.0734500,0.0735000,0.0733800,0.0734700,19280000
VTBR,1,20161213,154400,0.0734700,0.0734800,0.0733600,0.0733700,11110000
VTBR,1,20161213,154500,0.0733700,0.0734800,0.0733600,0.0734800,17820000
VTBR,1,20161213,154600,0.0734000,0.0734500,0.0733300,0.0734500,23200000
VTBR,1,20161213,154700,0.0734300,0.0734900,0.0734100,0.0734200,14650000
VTBR,1,20161213,154800,0.0734200,0.0734300,0.0733800,0.0733800,3590000
VTBR,1,20161213,154900,0.0733900,0.0734400,0.0733500,0.0734200,11180000
VTBR,1,20161213,155000,0.0734200,0.0734400,0.0734100,0.0734200,4470000
VTBR,1,20161213,155100,0.0734200,0.0735000,0.0734200,0.0735000,24200000
VTBR,1,20161213,155200,0.0734800,0.0735000,0.0734700,0.0735000,14850000
VTBR,1,20161213,155300,0.0734800,0.0735000,0.0734700,0.0735000,6970000
VTBR,1,20161213,155400,0.0734900,0.0735000,0.0734700,0.0734700,35150000
VTBR,1,20161213,155500,0.0734700,0.0734900,0.0734700,0.0734700,5710000
VTBR,1,20161213,155600,0.0734700,0.0735000,0.0734700,0.0734700,6750000
VTBR,1,20161213,155700,0.0734900,0.0734900,0.0734000,0.0734000,44520000
VTBR,1,20161213,155800,0.0734200,0.0734200,0.0733600,0.0733600,7170000
VTBR,1,20161213,155900,0.0733600,0.0734000,0.0733400,0.0733400,8290000
VTBR,1,20161213,160000,0.0733400,0.0733900,0.0733300,0.0733400,3780000
VTBR,1,20161213,160100,0.0733400,0.0733900,0.0733400,0.0733400,4850000
VTBR,1,20161213,160200,0.0733400,0.0734600,0.0733400,0.0734000,9800000
VTBR,1,20161213,160300,0.0734000,0.0734300,0.0734000,0.0734000,4320000
VTBR,1,20161213,160400,0.0734000,0.0734600,0.0733800,0.0733800,6720000
VTBR,1,20161213,160500,0.0733800,0.0734500,0.0733700,0.0733700,5890000
VTBR,1,20161213,160600,0.0733700,0.0734600,0.0733700,0.0734000,6350000
VTBR,1,20161213,160700,0.0734100,0.0734500,0.0733800,0.0733900,20760000
VTBR,1,20161213,160800,0.0733900,0.0734600,0.0733800,0.0733900,6240000
VTBR,1,20161213,160900,0.0733900,0.0734300,0.0733600,0.0734300,7750000
VTBR,1,20161213,161000,0.0734100,0.0734400,0.0733600,0.0734300,9360000
VTBR,1,20161213,161100,0.0733800,0.0734400,0.0733700,0.0733800,4410000
VTBR,1,20161213,161200,0.0733700,0.0734300,0.0733700,0.0733900,6050000
VTBR,1,20161213,161300,0.0733900,0.0733900,0.0733600,0.0733700,3430000
VTBR,1,20161213,161400,0.0733700,0.0734600,0.0733600,0.0733900,18010000
VTBR,1,20161213,161500,0.0733900,0.0734700,0.0733900,0.0734200,11470000
VTBR,1,20161213,161600,0.0734200,0.0735000,0.0734200,0.0735000,71390000
VTBR,1,20161213,161700,0.0734800,0.0735100,0.0734000,0.0734600,71620000
VTBR,1,20161213,161800,0.0734300,0.0734400,0.0733700,0.0733700,7270000
VTBR,1,20161213,161900,0.0733900,0.0733900,0.0733600,0.0733600,4110000
VTBR,1,20161213,162000,0.0733600,0.0734600,0.0733400,0.0734000,24590000
VTBR,1,20161213,162100,0.0734000,0.0734600,0.0734000,0.0734200,4300000
VTBR,1,20161213,162200,0.0734100,0.0734700,0.0734000,0.0734300,9400000
VTBR,1,20161213,162300,0.0734300,0.0734700,0.0734300,0.0734500,14550000
VTBR,1,20161213,162400,0.0734500,0.0734700,0.0734100,0.0734700,17510000
VTBR,1,20161213,162500,0.0734700,0.0734700,0.0734100,0.0734100,3590000
VTBR,1,20161213,162600,0.0734100,0.0734600,0.0734000,0.0734000,3650000
VTBR,1,20161213,162700,0.0734400,0.0734600,0.0733700,0.0733700,17680000
VTBR,1,20161213,162800,0.0733700,0.0734100,0.0733600,0.0733700,3650000
VTBR,1,20161213,162900,0.0733700,0.0734700,0.0733600,0.0734600,12700000
VTBR,1,20161213,163000,0.0734100,0.0735000,0.0734000,0.0734700,26110000
VTBR,1,20161213,163100,0.0734500,0.0735000,0.0734200,0.0734200,23010000
VTBR,1,20161213,163200,0.0734300,0.0735000,0.0734100,0.0735000,16800000
VTBR,1,20161213,163300,0.0734700,0.0734900,0.0734500,0.0734500,7800000
VTBR,1,20161213,163400,0.0734500,0.0734900,0.0734300,0.0734700,14570000
VTBR,1,20161213,163500,0.0734900,0.0735100,0.0734400,0.0735100,49310000
VTBR,1,20161213,163600,0.0735100,0.0735200,0.0734700,0.0735000,26480000
VTBR,1,20161213,163700,0.0734800,0.0735000,0.0734600,0.0735000,33220000
VTBR,1,20161213,163800,0.0734800,0.0735800,0.0734800,0.0735700,36030000
VTBR,1,20161213,163900,0.0735600,0.0736100,0.0735400,0.0736000,29980000
VTBR,1,20161213,164000,0.0735600,0.0736800,0.0735600,0.0736600,78110000
VTBR,1,20161213,164100,0.0736600,0.0737200,0.0736600,0.0736900,217770000
VTBR,1,20161213,164200,0.0737000,0.0737200,0.0736800,0.0736800,22950000
VTBR,1,20161213,164300,0.0736800,0.0737200,0.0736800,0.0737200,29470000
VTBR,1,20161213,164400,0.0737200,0.0737500,0.0737000,0.0737400,57210000
VTBR,1,20161213,164500,0.0737500,0.0738000,0.0737000,0.0737900,103640000
VTBR,1,20161213,164600,0.0738000,0.0738200,0.0737600,0.0738100,128640000
VTBR,1,20161213,164700,0.0737900,0.0738300,0.0737600,0.0737700,106820000
VTBR,1,20161213,164800,0.0737700,0.0738000,0.0737500,0.0737700,33580000
VTBR,1,20161213,164900,0.0737800,0.0738500,0.0737800,0.0738400,57290000
VTBR,1,20161213,165000,0.0738400,0.0738600,0.0738000,0.0738300,35560000
VTBR,1,20161213,165100,0.0737900,0.0738300,0.0736900,0.0737500,46990000
VTBR,1,20161213,165200,0.0737500,0.0738800,0.0737500,0.0738000,50540000
VTBR,1,20161213,165300,0.0738000,0.0738000,0.0737200,0.0737300,19970000
VTBR,1,20161213,165400,0.0737300,0.0738400,0.0737300,0.0738000,37290000
VTBR,1,20161213,165500,0.0738000,0.0739100,0.0737700,0.0739000,42570000
VTBR,1,20161213,165600,0.0738400,0.0739300,0.0738400,0.0738600,26350000
VTBR,1,20161213,165700,0.0738600,0.0739100,0.0737500,0.0737700,32200000
VTBR,1,20161213,165800,0.0737700,0.0738500,0.0737400,0.0737800,40940000
VTBR,1,20161213,165900,0.0737700,0.0738000,0.0737100,0.0737700,48180000
VTBR,1,20161213,170000,0.0737200,0.0738200,0.0737100,0.0737500,38190000
VTBR,1,20161213,170100,0.0737500,0.0737800,0.0737100,0.0737500,129370000
VTBR,1,20161213,170200,0.0737500,0.0737500,0.0736400,0.0736400,14160000
VTBR,1,20161213,170300,0.0736400,0.0736700,0.0735200,0.0735500,51900000
VTBR,1,20161213,170400,0.0735500,0.0737000,0.0735200,0.0735600,19550000
VTBR,1,20161213,170500,0.0735600,0.0738000,0.0735600,0.0736300,19720000
VTBR,1,20161213,170600,0.0736300,0.0738200,0.0736300,0.0736800,41230000
VTBR,1,20161213,170700,0.0736800,0.0737400,0.0736600,0.0736900,21120000
VTBR,1,20161213,170800,0.0736900,0.0736900,0.0736200,0.0736400,6220000
VTBR,1,20161213,170900,0.0736500,0.0736500,0.0736300,0.0736300,4980000
VTBR,1,20161213,171000,0.0736300,0.0736500,0.0736200,0.0736200,4030000
VTBR,1,20161213,171100,0.0736200,0.0736700,0.0736100,0.0736100,24920000
VTBR,1,20161213,171200,0.0736100,0.0736200,0.0735100,0.0735800,165700000
VTBR,1,20161213,171300,0.0735200,0.0736100,0.0734600,0.0735300,116460000
VTBR,1,20161213,171400,0.0735300,0.0735800,0.0734700,0.0735200,19830000
VTBR,1,20161213,171500,0.0735400,0.0736000,0.0735000,0.0735200,11960000
VTBR,1,20161213,171600,0.0735200,0.0735700,0.0734900,0.0734900,6050000
VTBR,1,20161213,171700,0.0734900,0.0734900,0.0734700,0.0734800,6280000
VTBR,1,20161213,171800,0.0734600,0.0735000,0.0734400,0.0734400,25980000
VTBR,1,20161213,171900,0.0734400,0.0734600,0.0734000,0.0734200,39680000
VTBR,1,20161213,172000,0.0734300,0.0734400,0.0733600,0.0733800,60030000
VTBR,1,20161213,172100,0.0733700,0.0734000,0.0733700,0.0733800,50830000
VTBR,1,20161213,172200,0.0733900,0.0734300,0.0733800,0.0734000,61930000
VTBR,1,20161213,172300,0.0734400,0.0734700,0.0733800,0.0734100,13380000
VTBR,1,20161213,172400,0.0734100,0.0734700,0.0734000,0.0734300,5650000
VTBR,1,20161213,172500,0.0734300,0.0734500,0.0734300,0.0734400,4310000
VTBR,1,20161213,172600,0.0734400,0.0735000,0.0734400,0.0734700,47920000
VTBR,1,20161213,172700,0.0734700,0.0735000,0.0734500,0.0734500,16620000
VTBR,1,20161213,172800,0.0734500,0.0735000,0.0734500,0.0734500,9840000
VTBR,1,20161213,172900,0.0734500,0.0735000,0.0734500,0.0734600,6970000
VTBR,1,20161213,173000,0.0734600,0.0735000,0.0734600,0.0734700,30270000
VTBR,1,20161213,173100,0.0735000,0.0736300,0.0734800,0.0736000,103500000
VTBR,1,20161213,173200,0.0736000,0.0737000,0.0735800,0.0736500,68650000
VTBR,1,20161213,173300,0.0736500,0.0737400,0.0736500,0.0737200,30450000
VTBR,1,20161213,173400,0.0737100,0.0737400,0.0736900,0.0737000,14880000
VTBR,1,20161213,173500,0.0737000,0.0737400,0.0736700,0.0737100,21960000
VTBR,1,20161213,173600,0.0737100,0.0738200,0.0737000,0.0737800,80300000
VTBR,1,20161213,173700,0.0737800,0.0738400,0.0737800,0.0737800,31410000
VTBR,1,20161213,173800,0.0738000,0.0738400,0.0737700,0.0738400,38030000
VTBR,1,20161213,173900,0.0738200,0.0738500,0.0738000,0.0738100,20440000
VTBR,1,20161213,174000,0.0738100,0.0738200,0.0737000,0.0737000,114280000
VTBR,1,20161213,174100,0.0737100,0.0738200,0.0736900,0.0738200,27980000
VTBR,1,20161213,174200,0.0738100,0.0738200,0.0737600,0.0737700,14920000
VTBR,1,20161213,174300,0.0737700,0.0738900,0.0737700,0.0738900,106070000
VTBR,1,20161213,174400,0.0738900,0.0739000,0.0738400,0.0738700,67720000
VTBR,1,20161213,174500,0.0738800,0.0739000,0.0738700,0.0738700,8830000
VTBR,1,20161213,174600,0.0738700,0.0739000,0.0738400,0.0738600,49180000
VTBR,1,20161213,174700,0.0738700,0.0739400,0.0738600,0.0739200,73430000
VTBR,1,20161213,174800,0.0739200,0.0739300,0.0738300,0.0738600,21230000
VTBR,1,20161213,174900,0.0738600,0.0739300,0.0738500,0.0738500,21810000
VTBR,1,20161213,175000,0.0738500,0.0738500,0.0737800,0.0737800,32440000
VTBR,1,20161213,175100,0.0738000,0.0738900,0.0737500,0.0738600,33180000
VTBR,1,20161213,175200,0.0738600,0.0739100,0.0738500,0.0738600,25140000
VTBR,1,20161213,175300,0.0738700,0.0739000,0.0738600,0.0738800,16820000
VTBR,1,20161213,175400,0.0738800,0.0739800,0.0738800,0.0739400,120750000
VTBR,1,20161213,175500,0.0739300,0.0739800,0.0739300,0.0739400,10540000
VTBR,1,20161213,175600,0.0739400,0.0739900,0.0739100,0.0739900,89010000
VTBR,1,20161213,175700,0.0739700,0.0739900,0.0739400,0.0739500,31450000
VTBR,1,20161213,175800,0.0739600,0.0739900,0.0739600,0.0739800,53890000
VTBR,1,20161213,175900,0.0739500,0.0739900,0.0739400,0.0739500,17710000
VTBR,1,20161213,180000,0.0739500,0.0739800,0.0739100,0.0739800,17700000
VTBR,1,20161213,180100,0.0739900,0.0739900,0.0739500,0.0739500,59420000
VTBR,1,20161213,180200,0.0739600,0.0739900,0.0738000,0.0738500,98020000
VTBR,1,20161213,180300,0.0738300,0.0738300,0.0737100,0.0737100,13420000
VTBR,1,20161213,180400,0.0737300,0.0738900,0.0736600,0.0738100,66900000
VTBR,1,20161213,180500,0.0738100,0.0738200,0.0737500,0.0737700,21260000
VTBR,1,20161213,180600,0.0737600,0.0738600,0.0737500,0.0738000,15070000
VTBR,1,20161213,180700,0.0738300,0.0738600,0.0737500,0.0737900,35180000
VTBR,1,20161213,180800,0.0737900,0.0739000,0.0737700,0.0739000,30720000
VTBR,1,20161213,180900,0.0738600,0.0739200,0.0737500,0.0737500,63370000
VTBR,1,20161213,181000,0.0737300,0.0737900,0.0736500,0.0737000,73220000
VTBR,1,20161213,181100,0.0736700,0.0736900,0.0735800,0.0736100,77490000
VTBR,1,20161213,181200,0.0736300,0.0736400,0.0735000,0.0736000,120230000
VTBR,1,20161213,181300,0.0735800,0.0735800,0.0732800,0.0732800,276480000
VTBR,1,20161213,181400,0.0733000,0.0735700,0.0732800,0.0735700,65210000
VTBR,1,20161213,181500,0.0735300,0.0735800,0.0734400,0.0735100,53660000
VTBR,1,20161213,181600,0.0734800,0.0736500,0.0734400,0.0736500,54920000
VTBR,1,20161213,181700,0.0736100,0.0736600,0.0735300,0.0735400,33400000
VTBR,1,20161213,181800,0.0735400,0.0736300,0.0735000,0.0736300,41430000
VTBR,1,20161213,181900,0.0736200,0.0736500,0.0735900,0.0736100,46410000
VTBR,1,20161213,182000,0.0735900,0.0736100,0.0735000,0.0735300,12980000
VTBR,1,20161213,182100,0.0735100,0.0735700,0.0735000,0.0735300,51820000
VTBR,1,20161213,182200,0.0735100,0.0736700,0.0735100,0.0736600,29110000
VTBR,1,20161213,182300,0.0736100,0.0736800,0.0735900,0.0736700,10490000
VTBR,1,20161213,182400,0.0736600,0.0737300,0.0735000,0.0737300,107490000
VTBR,1,20161213,182500,0.0737000,0.0737300,0.0735100,0.0735500,82000000
VTBR,1,20161213,182600,0.0735300,0.0736300,0.0735000,0.0736300,17980000
VTBR,1,20161213,182700,0.0736300,0.0736300,0.0735400,0.0736000,4860000
VTBR,1,20161213,182800,0.0736000,0.0736700,0.0735900,0.0736700,46240000
VTBR,1,20161213,182900,0.0736400,0.0736500,0.0735400,0.0735400,43670000
VTBR,1,20161213,183000,0.0735400,0.0736500,0.0735400,0.0736000,20060000
